output/ras_bio_asc_01_agg.asc
ncols        72
nrows        72
xllcorner    108.334122886930
yllcorner    -4.499013005636
cellsize     0.166666676000
NODATA_value  -9999
[rows 44 to 65 of 72, columns 0 to 49 of 72]
1.#QNAN 1.#QNAN 1.#QNAN 1.#QNAN 1.#QNAN 274.77499389648437 274.26748657226562 272.89999389648437 271.83999633789062 270.6300048828125 268.70498657226562 269.74749755859375 268.37750244140625 268.23251342773437 268.510009765625 268.9849853515625 268.8175048828125 268.95748901367187 268.55999755859375 268.08999633789062 267.510009765625 266.23748779296875 259.80999755859375 255.79499816894531 251.1925048828125 251.76499938964844 242.42250061035156 233.67999267578125 231.56500244140625 231.91250610351562 232.74249267578125 241.40499877929687 234.12249755859375 244.21499633789062 243.54249572753906 250.73249816894531 240.30250549316406 242.32249450683594 237.88499450683594 250.74000549316406 259.5050048828125 256.64749145507812 251.10499572753906 262.15750122070313 262.53250122070312 261.10501098632812 262.3800048828125 264.10000610351562 265.7550048828125 265.90750122070312
1.#QNAN 1.#QNAN 1.#QNAN 1.#QNAN 1.#QNAN 275.53750610351562 275.00250244140625 273.76251220703125 272.44000244140625 271.5675048828125 270.46249389648438 269.72000122070313 269.1925048828125 264.28250122070312 268.10000610351562 268.95999145507812 268.10501098632812 268.3125 268.15750122070312 267.97750854492187 267.36749267578125 267.27999877929687 265.0775146484375 260.76998901367187 244.27749633789062 245.49749755859375 253.16499328613281 252.84249877929687 245.97250366210937 236.05250549316406 246.36000061035156 256.302490234375 249.80499267578125 246.1824951171875 250.1300048828125 251.82749938964844 238.22999572753906 234.85249328613281 248.58250427246094 249.7550048828125 256.03500366210937 247.23500061035156 252.77250671386719 260.09750366210938 264.5 261.6400146484375 263.17999267578125 265.37750244140625 266.0474853515625 266.4425048828125
1.#QNAN 1.#QNAN 1.#QNAN 1.#QNAN 1.#QNAN 274.572509765625 274.302490234375 273.4224853515625 272.76748657226563 271.83749389648438 269.87249755859375 268.70498657226562 265.1099853515625 261.28250122070312 265.822509765625 262.5474853515625 265.22500610351562 259.65249633789062 267.02749633789062 267.64999389648437 267.63250732421875 266.89999389648437 265.6400146484375 257.91500854492187 256.885009765625 260.88250732421875 257.21249389648437 256.64248657226562 250.57749938964844 224.25999450683594 233.08000183105469 250.12750244140625 255.23500061035156 252.65499877929687 245.35749816894531 246.125 245.54249572753906 251.08000183105469 258.77499389648437 255.98249816894531 257.26251220703125 259.1300048828125 261.15249633789062 254.75750732421875 261.49749755859375 264.45001220703125 265.0675048828125 265.802490234375 266.125 266.17999267578125
1.#QNAN 1.#QNAN 1.#QNAN 1.#QNAN 1.#QNAN 273.0150146484375 273.7025146484375 273.31500244140625 272.2349853515625 271.67001342773437 270.99749755859375 269.635009765625 266.34500122070312 257.822509765625 264.76998901367187 236.84249877929687 241.75 251.08250427246094 262.84249877929687 261.70999145507812 265.29251098632812 266.2974853515625 265.35751342773437 264.21499633789062 263.27749633789062 259.4425048828125 257.44000244140625 253.61250305175781 250.78250122070312 241.82499694824219 239.03999328613281 240.37750244140625 243.29499816894531 242.96749877929687 256.16250610351562 251.52000427246094 240.41499328613281 250.01499938964844 261.23251342773437 260.83248901367187 260.052490234375 259.39749145507812 260.91751098632812 262.9224853515625 263.6925048828125 264.7349853515625 265.18499755859375 265.89248657226563 265.58248901367187 262.83999633789062
1.#QNAN 1.#QNAN 1.#QNAN 1.#QNAN 1.#QNAN 1.#QNAN 1.#QNAN 272.57537841796875 272.08999633789062 271.51748657226562 270.2349853515625 268.78250122070313 266.68499755859375 263.9425048828125 262.53250122070312 254.08999633789063 247.77000427246094 246.23500061035156 254.5050048828125 256.44000244140625 259.86248779296875 252.11500549316406 255.02250671386719 245.32499694824219 237.08999633789062 239.58000183105469 228.66499328613281 244.87750244140625 247.25 242.7550048828125 246.30999755859375 252.61500549316406 253.22749328613281 255.52999877929687 257.427490234375 261.04251098632812 257.01998901367187 260.3125 262.37249755859375 261.66500854492188 261.51748657226563 260.84750366210937 261.19500732421875 262.53250122070312 262.22750854492187 262.51998901367187 263.7650146484375 264.58499145507812 264.04501342773437 256.83749389648437
1.#QNAN 1.#QNAN 1.#QNAN 1.#QNAN 1.#QNAN 1.#QNAN 1.#QNAN 1.#QNAN 271.8125 271.67498779296875 270.43499755859375 269.26251220703125 267.28250122070312 266.27749633789062 263.91500854492187 263.17999267578125 251.49749755859375 238.29499816894531 260.57000732421875 263.86248779296875 258.23748779296875 240.49249267578125 248.82000732421875 249.23750305175781 235.35249328613281 238.97999572753906 242.52749633789063 252.00999450683594 242.65750122070312 242.41499328613281 257.33999633789062 259.03750610351562 258.10250854492187 261.46249389648438 261.08499145507812 262.01251220703125 260.86248779296875 261.87249755859375 260.73001098632812 262.9324951171875 262.40499877929687 260.14749145507812 260.1925048828125 260.25750732421875 261.44500732421875 261.84249877929687 261.85000610351562 262.5574951171875 257.72000122070312 252.54499816894531
1.#QNAN 1.#QNAN 1.#QNAN 1.#QNAN 1.#QNAN 1.#QNAN 1.#QNAN 1.#QNAN 271.59942626953125 271.29998779296875 270.52499389648437 266.97250366210937 264.24749755859375 266.35501098632812 265 260.3699951171875 249.71000671386719 250.42500305175781 260.89498901367187 258.0474853515625 253.33749389648437 250.22500610351562 257.05499267578125 258.177490234375 257.91751098632812 252.75750732421875 255.10749816894531 260.552490234375 260.41000366210937 258.90499877929687 260.14248657226563 262.45498657226563 261.25750732421875 261.30999755859375 262.12249755859375 259.72000122070312 259.11248779296875 259.0675048828125 262.0775146484375 263.177490234375 262.27499389648437 260.96249389648437 259.09750366210937 258.447509765625 259.1300048828125 259.45498657226563 257.64248657226562 257.5050048828125 246.58749389648437 249.28750610351562
1.#QNAN 1.#QNAN 1.#QNAN 1.#QNAN 1.#QNAN 1.#QNAN 1.#QNAN 270.552734375 1.#QNAN 1.#QNAN 270.44000244140625 267.75750732421875 268.17999267578125 267.73748779296875 264.29251098632812 254.53750610351562 249.9425048828125 245.21499633789062 254.875 252.47250366210937 259.12750244140625 259.1300048828125 258.052490234375 259.57000732421875 260.56500244140625 261.01998901367187 262.04000854492187 262.63751220703125 262.52999877929687 260.33248901367187 260.84500122070312 262.31500244140625 262.6400146484375 261.7550048828125 262.52999877929687 261.68499755859375 261.01251220703125 260.79000854492187 261.04998779296875 263.03250122070312 261.10501098632812 260.09500122070313 258.864990234375 257.48748779296875 251.76249694824219 250.44000244140625 253.57499694824219 244.66000366210937 250.07000732421875 259.1300048828125
1.#QNAN 1.#QNAN 1.#QNAN 1.#QNAN 1.#QNAN 1.#QNAN 1.#QNAN 1.#QNAN 1.#QNAN 1.#QNAN 1.#QNAN 259.8800048828125 267.71499633789062 267.489990234375 266.4949951171875 262.17999267578125 255.42250061035156 251.11749267578125 255.89250183105469 256.58248901367187 260.77999877929687 261.27499389648438 259.75 257.16500854492187 260.1875 262.864990234375 262.9224853515625 262.34750366210937 263.9375 262.81500244140625 262.98251342773437 263.44500732421875 262.02499389648437 262.73748779296875 261.16250610351562 262.3175048828125 261.614990234375 261.12249755859375 262.27499389648437 262.96249389648437 261.71249389648438 260.27999877929687 254.20500183105469 251.7449951171875 250.94999694824219 251.10249328613281 255.26499938964844 255.67999267578125 259.08248901367187 261.75250244140625
1.#QNAN 1.#QNAN 1.#QNAN 1.#QNAN 1.#QNAN 1.#QNAN 1.#QNAN 1.#QNAN 1.#QNAN 1.#QNAN 1.#QNAN 267.74249267578125 265.7449951171875 265.1824951171875 261.697509765625 259.75250244140625 255.38250732421875 249.77000427246094 258.8275146484375 254.82249450683594 248.05999755859375 259.7974853515625 256.4324951171875 256.47500610351562 261.67999267578125 262.92999267578125 263.14999389648437 263.83999633789062 264.70001220703125 263.2349853515625 264.08499145507812 264.42498779296875 262.97750854492187 263.4949951171875 262.04501342773437 261.99749755859375 263.21749877929687 262.27499389648437 263.20748901367187 263.96249389648437 262.48748779296875 260.85000610351562 245.9324951171875 244.65249633789062 251.81500244140625 247.64500427246094 250.5675048828125 261.8699951171875 261.40750122070312 1.#QNAN
1.#QNAN 1.#QNAN 1.#QNAN 1.#QNAN 1.#QNAN 1.#QNAN 1.#QNAN 1.#QNAN 1.#QNAN 1.#QNAN 1.#QNAN 268.67498779296875 268.63751220703125 266.677490234375 260.77999877929687 252.46749877929687 255.29750061035156 262.43499755859375 261.91751098632812 249.70500183105469 247.07749938964844 256.84750366210937 249.86749267578125 256.5574951171875 261.56500244140625 264.23251342773437 264.40499877929687 264.20498657226562 264.55499267578125 265.1400146484375 263.88250732421875 264.6199951171875 263.83499145507812 263.91751098632812 262.77499389648437 263.17999267578125 263.8074951171875 263.59500122070312 264.46499633789062 264.33999633789062 263.17498779296875 259.51748657226562 251.01249694824219 248.3074951171875 257.4425048828125 249.67750549316406 254.57000732421875 263.27749633789062 1.#QNAN 1.#QNAN
1.#QNAN 1.#QNAN 1.#QNAN 1.#QNAN 1.#QNAN 1.#QNAN 1.#QNAN 1.#QNAN 1.#QNAN 1.#QNAN 1.#QNAN 268.78500366210937 267.6875 266.09249877929687 260.72000122070312 256.93499755859375 263.447509765625 259.3599853515625 265.03500366210937 263.40249633789062 257.47750854492187 261.5775146484375 260.14999389648437 263.03250122070312 265.85000610351562 266.27999877929687 266.67498779296875 265.93499755859375 265.125 265.63250732421875 264.7025146484375 264.6724853515625 264.864990234375 264.697509765625 263.96249389648437 264.11749267578125 264.87249755859375 264.32000732421875 265.2550048828125 264.88751220703125 263.91751098632812 258.53750610351562 256.2650146484375 255.22000122070312 246.0675048828125 252.66250610351562 258.71499633789062 1.#QNAN 1.#QNAN 1.#QNAN
1.#QNAN 1.#QNAN 1.#QNAN 1.#QNAN 1.#QNAN 1.#QNAN 1.#QNAN 1.#QNAN 1.#QNAN 1.#QNAN 1.#QNAN 268.52999877929687 268.177490234375 264.96249389648437 264.27499389648437 260.427490234375 263.6099853515625 264.94000244140625 267.11749267578125 266.29000854492187 265.34750366210937 264.48748779296875 264.9375 265.21249389648437 265.927490234375 267.16500854492188 267.17999267578125 266.67498779296875 266.57998657226563 265.98001098632812 266.06500244140625 265.05999755859375 265.64248657226563 265.22500610351562 264.59249877929687 265.05499267578125 265.50750732421875 265.04501342773437 265.34750366210937 265.42498779296875 264.6925048828125 261.9525146484375 260.85000610351562 261.2025146484375 242.27999877929687 260.97750854492188 262.47500610351562 264.739990234375 1.#QNAN 1.#QNAN
1.#QNAN 1.#QNAN 1.#QNAN 1.#QNAN 1.#QNAN 1.#QNAN 1.#QNAN 1.#QNAN 1.#QNAN 1.#QNAN 1.#QNAN 268.625 268.3125 266.29501342773437 266.3275146484375 266.8125 265.0775146484375 263.52249145507812 267.0625 266.51251220703125 264.85501098632812 265.9375 266.02999877929687 265.947509765625 266.52499389648438 267.4224853515625 267.447509765625 267.07000732421875 266.92999267578125 265.9849853515625 266.1925048828125 265.63250732421875 265.79251098632812 266.17999267578125 265.1824951171875 265.6400146484375 265.677490234375 265.45498657226562 265.9525146484375 265.8275146484375 264.77249145507812 263.83499145507812 264.0775146484375 261.0775146484375 243.63250732421875 257.16250610351562 262.16500854492187 265.13751220703125 1.#QNAN 1.#QNAN
1.#QNAN 1.#QNAN 1.#QNAN 1.#QNAN 1.#QNAN 1.#QNAN 1.#QNAN 1.#QNAN 1.#QNAN 1.#QNAN 1.#QNAN 268.03500366210937 268.3900146484375 267.54251098632812 266.60000610351562 267.71499633789062 267.5625 266.489990234375 267.54501342773437 266.96249389648437 266.2650146484375 267.47000122070312 266.62249755859375 266.35501098632812 265.76748657226562 266.91250610351562 267.7550048828125 267.489990234375 267.12249755859375 266.7349853515625 266.5625 266.30499267578125 266.010009765625 266.77749633789062 266.5574951171875 266.04998779296875 266.13250732421875 265.94500732421875 266.10000610351562 266.57998657226563 265.9324951171875 265.6824951171875 264.84249877929687 263.7550048828125 253.01499938964844 253.45500183105469 263.76251220703125 265.3699951171875 265.7449951171875 1.#QNAN
1.#QNAN 1.#QNAN 1.#QNAN 1.#QNAN 1.#QNAN 1.#QNAN 1.#QNAN 1.#QNAN 1.#QNAN 1.#QNAN 1.#QNAN 267.97250366210937 268.3800048828125 267.9375 267.3125 267.28500366210937 268.3699951171875 268.39248657226563 267.90249633789062 267.89248657226562 267.95498657226563 267.66500854492187 267.07501220703125 266.82998657226562 266.8175048828125 267.51251220703125 267.56500244140625 267.489990234375 267.36248779296875 267.04501342773437 266.50250244140625 266.447509765625 266.14498901367187 266.52999877929687 266.60501098632812 266.47500610351562 266.58499145507812 266.6724853515625 266.75250244140625 266.89498901367187 266.96249389648437 266.76748657226562 265.71249389648437 262.20498657226563 239.98750305175781 246.5625 264.54251098632812 265.71749877929687 1.#QNAN 1.#QNAN
1.#QNAN 1.#QNAN 1.#QNAN 1.#QNAN 1.#QNAN 1.#QNAN 1.#QNAN 1.#QNAN 1.#QNAN 1.#QNAN 1.#QNAN 1.#QNAN 267.91000366210938 267.97000122070312 267.89498901367187 267.62249755859375 268.27249145507812 268.0574951171875 267.96499633789062 268.21499633789062 268.30499267578125 267.66751098632812 266.99249267578125 267.41250610351562 267.6199951171875 267.822509765625 267.53750610351562 267.89999389648438 267.114990234375 267.08499145507812 267.10250854492187 266.83248901367187 266.44500732421875 266.5050048828125 266.96499633789062 267.01748657226563 266.96499633789062 267.01748657226563 267.0474853515625 267.11749267578125 267.1724853515625 267.47500610351562 265.64999389648437 248.78750610351562 229.23750305175781 251.35749816894531 264.33499145507812 1.#QNAN 1.#QNAN 1.#QNAN
1.#QNAN 1.#QNAN 1.#QNAN 1.#QNAN 1.#QNAN 1.#QNAN 1.#QNAN 1.#QNAN 1.#QNAN 1.#QNAN 1.#QNAN 1.#QNAN 268.03750610351562 268.14999389648438 268.10501098632812 268.08749389648437 268.7550048828125 268.0775146484375 268.2349853515625 268.32000732421875 268.46044921875 267.65499877929687 267.27999877929687 268.02999877929687 267.71749877929687 267.80999755859375 267.95999145507812 268.135009765625 267.18499755859375 267.2550048828125 267.02499389648438 266.8125 267.05999755859375 266.9525146484375 266.74749755859375 266.98001098632812 267.04251098632812 267.1925048828125 267.8175048828125 267.8900146484375 267.96249389648437 267.51748657226562 258.77249145507812 222.13250732421875 240.63749694824219 259.80499267578125 265.60504150390625 264.3175048828125 1.#QNAN 1.#QNAN
1.#QNAN 1.#QNAN 1.#QNAN 1.#QNAN 1.#QNAN 1.#QNAN 1.#QNAN 1.#QNAN 1.#QNAN 1.#QNAN 1.#QNAN 1.#QNAN 1.#QNAN 1.#QNAN 268.88751220703125 268.89749145507812 268.55999755859375 1.#QNAN 1.#QNAN 1.#QNAN 1.#QNAN 267.93499755859375 267.760009765625 268.02999877929687 268.260009765625 268.17498779296875 268.46749877929687 268.41250610351562 1.#QNAN 267.61749267578125 267.10250854492187 267.16751098632812 267.77749633789062 267.26748657226563 267.02749633789062 267 267.04501342773437 267.66250610351562 268.0474853515625 268.5474853515625 268.43499755859375 265.35501098632813 250.70249938964844 235.09750366210937 252.1300048828125 264.38751220703125 1.#QNAN 1.#QNAN 1.#QNAN 1.#QNAN
1.#QNAN 1.#QNAN 1.#QNAN 1.#QNAN 1.#QNAN 1.#QNAN 1.#QNAN 1.#QNAN 1.#QNAN 1.#QNAN 1.#QNAN 1.#QNAN 1.#QNAN 1.#QNAN 1.#QNAN 1.#QNAN 1.#QNAN 1.#QNAN 1.#QNAN 1.#QNAN 1.#QNAN 268.07501220703125 268.58248901367187 268.52999877929687 268.6724853515625 268.70001220703125 268.17001342773437 1.#QNAN 1.#QNAN 1.#QNAN 267.625 267.94500732421875 267.76251220703125 267.375 267.26251220703125 267.0675048828125 267.08999633789062 267.75750732421875 268.33499145507812 269.072509765625 268.50250244140625 263.22750854492187 250.83000183105469 243.51249694824219 262.9224853515625 266.08749389648438 267.46499633789062 1.#QNAN 1.#QNAN 1.#QNAN
1.#QNAN 1.#QNAN 1.#QNAN 1.#QNAN 1.#QNAN 1.#QNAN 1.#QNAN 1.#QNAN 1.#QNAN 1.#QNAN 1.#QNAN 1.#QNAN 1.#QNAN 1.#QNAN 1.#QNAN 1.#QNAN 1.#QNAN 1.#QNAN 1.#QNAN 1.#QNAN 1.#QNAN 268.86749267578125 268.9224853515625 1.#QNAN 1.#QNAN 268.8900146484375 1.#QNAN 1.#QNAN 1.#QNAN 1.#QNAN 1.#QNAN 1.#QNAN 267.9324951171875 268 1.#QNAN 267.45498657226562 267.54000854492187 267.73251342773437 269.489990234375 269.822509765625 267.80999755859375 263.8125 254.11250305175781 256.885009765625 265.79000854492188 264.25250244140625 1.#QNAN 1.#QNAN 1.#QNAN 1.#QNAN
1.#QNAN 1.#QNAN 1.#QNAN 1.#QNAN 1.#QNAN 1.#QNAN 1.#QNAN 1.#QNAN 1.#QNAN 1.#QNAN 1.#QNAN 1.#QNAN 1.#QNAN 1.#QNAN 1.#QNAN 1.#QNAN 1.#QNAN 1.#QNAN 1.#QNAN 1.#QNAN 1.#QNAN 269.08999633789062 1.#QNAN 1.#QNAN 1.#QNAN 1.#QNAN 1.#QNAN 1.#QNAN 1.#QNAN 1.#QNAN 1.#QNAN 1.#QNAN 1.#QNAN 1.#QNAN 1.#QNAN 1.#QNAN 1.#QNAN 269.09768676757812 270.83999633789062 270.20001220703125 265.22250366210937 261.13250732421875 246.69000244140625 262.91751098632812 267.85000610351562 268.04998779296875 1.#QNAN 1.#QNAN 1.#QNAN 1.#QNAN
