output/ras_bio_asc_01_agg.asc
ncols        72
nrows        72
xllcorner    108.334122886930
yllcorner    -4.499013005636
cellsize     0.166666676000
NODATA_value  -9999
[rows 22 to 43 of 72, columns 0 to 49 of 72]
-9999 -9999 -9999 -9999 -9999 -9999 -9999 -9999 -9999 -9999 -9999 -9999 -9999 -9999 -9999 -9999 -9999 -9999 -9999 -9999 -9999 -9999 -9999 -9999 -9999 -9999 -9999 -9999 -9999 -9999 -9999 -9999 267.482513427734375 266.652496337890625 265.957489013671875 269.415008544921875 267.647491455078125 265.095001220703125 260.962493896484375 251.0099945068359375 242.44000244140625 227.1475067138671875 202.06500244140625 209.2675018310546875 208.99749755859375 215.19500732421875 244.8074951171875 242.12249755859375 248.3074951171875 260.0625
-9999 -9999 -9999 -9999 -9999 -9999 -9999 -9999 -9999 -9999 -9999 -9999 -9999 -9999 -9999 -9999 -9999 -9999 -9999 -9999 -9999 -9999 -9999 -9999 -9999 -9999 -9999 -9999 -9999 -9999 -9999 266.572509765625 266.782501220703125 263.98748779296875 261.415008544921875 264.714996337890625 264.43499755859375 257.467498779296875 255.279998779296875 245.6425018310546875 231.55999755859375 220.6674957275390625 205.7675018310546875 210.50250244140625 215.774993896484375 201.600006103515625 236.0825042724609375 243.7649993896484375 257.832489013671875 269.100006103515625
-9999 -9999 -9999 -9999 -9999 -9999 -9999 -9999 -9999 -9999 -9999 -9999 -9999 -9999 -9999 -9999 -9999 -9999 -9999 -9999 -9999 -9999 -9999 -9999 -9999 -9999 -9999 -9999 -9999 -9999 265.410003662109375 266.30499267578125 264.730010986328125 262.6300048828125 258.782501220703125 254.464996337890625 257.17498779296875 256.0625 254.37249755859375 245.87249755859375 235.8249969482421875 218.06500244140625 207.3350067138671875 192.5475006103515625 209.1150054931640625 202.5749969482421875 233.7975006103515625 249.9774932861328125 259.69500732421875 267.902496337890625
-9999 -9999 -9999 -9999 -9999 -9999 -9999 -9999 -9999 -9999 -9999 -9999 -9999 -9999 -9999 -9999 -9999 -9999 -9999 -9999 -9999 -9999 -9999 -9999 -9999 -9999 -9999 -9999 -9999 262.782501220703125 265.230010986328125 265.654998779296875 265.220001220703125 253.410003662109375 245.975006103515625 227.5675048828125 257.842498779296875 255.30499267578125 247.99249267578125 245.6425018310546875 236.2324981689453125 236.0124969482421875 232.1450042724609375 207.7100067138671875 223.4275054931640625 209.4275054931640625 239.80499267578125 240.399993896484375 257.779998779296875 263.36248779296875
-9999 -9999 -9999 -9999 -9999 -9999 -9999 -9999 -9999 -9999 -9999 -9999 -9999 -9999 -9999 -9999 -9999 -9999 -9999 -9999 -9999 -9999 -9999 -9999 -9999 -9999 -9999 -9999 263.92498779296875 264.670013427734375 265.6724853515625 263.964996337890625 260.93499755859375 252.3325042724609375 247.2274932861328125 234.1974945068359375 249.17999267578125 240.8549957275390625 248.0050048828125 243.3874969482421875 248.37249755859375 221.7075042724609375 214.0675048828125 214.0500030517578125 227.1374969482421875 232.6475067138671875 236.3125 241.7550048828125 261.295013427734375 251.7350006103515625
-9999 -9999 -9999 -9999 -9999 -9999 -9999 -9999 -9999 -9999 -9999 -9999 -9999 -9999 -9999 -9999 -9999 -9999 -9999 -9999 -9999 -9999 -9999 -9999 -9999 266.470001220703125 265.732513427734375 262.24749755859375 262.407501220703125 263.399993896484375 264.802490234375 262.165008544921875 256.13751220703125 251.6349945068359375 244.5525054931640625 234.222503662109375 230.2725067138671875 219.36749267578125 225.4600067138671875 250.5424957275390625 225.5825042724609375 205.0675048828125 200.725006103515625 225.0825042724609375 214.75250244140625 216.7700042724609375 228.7449951171875 249.1649932861328125 249.285003662109375 249.49249267578125
-9999 -9999 -9999 -9999 -9999 -9999 -9999 -9999 -9999 -9999 -9999 -9999 -9999 -9999 -9999 -9999 -9999 -9999 -9999 -9999 269.337493896484375 269.18499755859375 268.592498779296875 267.644989013671875 267.142486572265625 266.2349853515625 261.839996337890625 261.3800048828125 263.9849853515625 262.42999267578125 259.597503662109375 255.410003662109375 252.9824981689453125 251.8899993896484375 250.785003662109375 240.07000732421875 231.3325042724609375 231.8350067138671875 227.7350006103515625 235.4575042724609375 204.99749755859375 206.5724945068359375 218.0449981689453125 233.19000244140625 233.3625030517578125 227.8899993896484375 230.62750244140625 229.7024993896484375 224.625 254.4875030517578125
-9999 -9999 -9999 -9999 -9999 -9999 -9999 -9999 -9999 -9999 -9999 -9999 -9999 -9999 -9999 -9999 -9999 -9999 -9999 269.37249755859375 269.579986572265625 269.25 268.56500244140625 267.44500732421875 265.837493896484375 263.44000244140625 259.75250244140625 261.769989013671875 260.329986572265625 259.99749755859375 259.4425048828125 256.524993896484375 248.88250732421875 251.350006103515625 249.904998779296875 241.8699951171875 236.3074951171875 224.8925018310546875 214.0099945068359375 212.0149993896484375 207.62249755859375 208.24249267578125 221.402496337890625 215.6649932861328125 242.75750732421875 235.6024932861328125 229.279998779296875 232.3950042724609375 244.4474945068359375 248.3224945068359375
-9999 -9999 -9999 -9999 -9999 -9999 -9999 -9999 -9999 -9999 -9999 -9999 -9999 -9999 -9999 -9999 -9999 -9999 -9999 270.045135498046875 269.767486572265625 269.67498779296875 268.1824951171875 265.232513427734375 262.587493896484375 255.225006103515625 253.24749755859375 259.625 256.4375 260.029998779296875 258.74249267578125 248.6999969482421875 246.4149932861328125 238.32000732421875 223.75 227.9375 225.25 221.2649993896484375 222.4174957275390625 210.7899932861328125 209.8350067138671875 219.8549957275390625 223.8125 213.087493896484375 225.50750732421875 228.3899993896484375 231.162506103515625 226.30499267578125 230.404998779296875 247.61749267578125
-9999 -9999 -9999 -9999 -9999 -9999 -9999 -9999 -9999 -9999 -9999 -9999 -9999 -9999 -9999 -9999 -9999 -9999 270.11749267578125 270.165008544921875 270.160003662109375 269.662506103515625 267.177490234375 263.6875 257.375 252.8350067138671875 253.720001220703125 257.3074951171875 262.274993896484375 260.292510986328125 256.45001220703125 248.0149993896484375 225.0200042724609375 248.662506103515625 242.3699951171875 236.5625 229.80999755859375 224.12750244140625 215.6399993896484375 211.0500030517578125 221.3574981689453125 211.1674957275390625 218.847503662109375 218.600006103515625 231.660003662109375 210.847503662109375 210.089996337890625 216.904998779296875 227.2375030517578125 250.5825042724609375
-9999 -9999 -9999 -9999 -9999 -9999 -9999 -9999 -9999 -9999 -9999 -9999 -9999 -9999 -9999 -9999 -9999 -9999 269.960601806640625 269.87750244140625 269.329986572265625 268.99749755859375 268.850006103515625 267.614990234375 263.94000244140625 258.1925048828125 257.8125 258.4224853515625 261.8599853515625 261.6925048828125 259.3599853515625 255.875 226.6074981689453125 242.49749755859375 244.2299957275390625 241.69000244140625 221.55499267578125 227.8975067138671875 217.7675018310546875 219.2100067138671875 226.375 215.55499267578125 230.75750732421875 227.875 231.095001220703125 229.347503662109375 212.4850006103515625 219.342498779296875 237.464996337890625 247.595001220703125
-9999 -9999 -9999 -9999 -9999 -9999 -9999 -9999 -9999 -9999 -9999 -9999 -9999 -9999 -9999 -9999 -9999 269.837493896484375 267.027496337890625 266.79998779296875 266.3800048828125 266.022491455078125 263.3699951171875 263.774993896484375 262.277496337890625 262.4525146484375 259.022491455078125 256.697509765625 257.25 257.927490234375 257.334991455078125 254.8800048828125 251.720001220703125 242.05999755859375 236.625 241.81500244140625 237.839996337890625 239.6199951171875 233.410003662109375 232.475006103515625 226.8874969482421875 219.2050018310546875 210.9174957275390625 220.157501220703125 218.1399993896484375 221.31500244140625 218.8224945068359375 216.410003662109375 229.287506103515625 247.277496337890625
-9999 -9999 -9999 -9999 -9999 -9999 264.6199951171875 257.82501220703125 -9999 -9999 -9999 -9999 -9999 -9999 -9999 -9999 -9999 269.87249755859375 268.125 264.79998779296875 263.717498779296875 263.552490234375 260.802490234375 259.907501220703125 256.8599853515625 259.802490234375 249.93499755859375 243.2449951171875 249.285003662109375 254.6649932861328125 252.9600067138671875 249.8849945068359375 252.592498779296875 244.9375 234.7324981689453125 228.7624969482421875 230.6699981689453125 238.32000732421875 223.4375 228.3350067138671875 211.42999267578125 214.6049957275390625 208.1399993896484375 219.0449981689453125 228.1674957275390625 218.5050048828125 212.30999755859375 218.9875030517578125 209.37750244140625 233.037506103515625
-9999 -9999 -9999 -9999 -9999 -9999 265.989990234375 261.88250732421875 264.8900146484375 266.212493896484375 264.982513427734375 266.9949951171875 -9999 -9999 -9999 -9999 -9999 269.88751220703125 269.19500732421875 264.2349853515625 257.552490234375 253.80499267578125 249.8625030517578125 250.38250732421875 246.2700042724609375 244.00250244140625 248.5749969482421875 246.592498779296875 249.1199951171875 250.964996337890625 249.7375030517578125 250.0099945068359375 251.0625 245.2400054931640625 244.0149993896484375 234.095001220703125 229.9949951171875 212.2550048828125 211.037506103515625 206.6475067138671875 218.6674957275390625 225.220001220703125 227.87750244140625 211.8350067138671875 231.8300018310546875 212.1125030517578125 198.5850067138671875 221.652496337890625 224.3899993896484375 225.9250030517578125
-9999 -9999 -9999 -9999 -9999 266.68499755859375 265.80499267578125 265.00750732421875 265.1199951171875 264.9849853515625 265.25250244140625 267.540008544921875 269.44500732421875 269.8125 269.9849853515625 269.290008544921875 270.00250244140625 269.82501220703125 269.842498779296875 267.114990234375 260.23748779296875 245.9850006103515625 242.1125030517578125 242.8574981689453125 245.7949981689453125 247.4524993896484375 244.714996337890625 234.25 238.4199981689453125 238.6125030517578125 243.9850006103515625 233.3074951171875 238.25 227.160003662109375 221.0225067138671875 221.87750244140625 224.9949951171875 198.4824981689453125 212.7350006103515625 230.2725067138671875 231.5050048828125 223.3524932861328125 234.37249755859375 215.9949951171875 226.5800018310546875 208.537506103515625 207.05499267578125 219.3224945068359375 239.032501220703125 248.779998779296875
-9999 -9999 -9999 -9999 -9999 265.5474853515625 264.73748779296875 264.67498779296875 263.347503662109375 262.8699951171875 254.714996337890625 259.467498779296875 266.697509765625 268.7974853515625 269.80499267578125 266.350006103515625 267.13250732421875 269.334991455078125 269.68499755859375 269.2025146484375 265.397491455078125 258.32501220703125 251.88250732421875 252.3524932861328125 255.4850006103515625 251.0825042724609375 250.785003662109375 243.6024932861328125 246.5124969482421875 238.24249267578125 226.24749755859375 212.5200042724609375 225.7550048828125 238.024993896484375 226.037506103515625 231.5500030517578125 223.4499969482421875 209.4900054931640625 204.9324951171875 228.9550018310546875 239.8699951171875 237.2050018310546875 219.5050048828125 214.42999267578125 218.2700042724609375 226.6725006103515625 207.3849945068359375 214.36749267578125 235.9824981689453125 255.6049957275390625
-9999 -9999 -9999 -9999 267.545013427734375 265.9949951171875 262.697509765625 262.837493896484375 256.364990234375 235.7924957275390625 245.1199951171875 253.337493896484375 265.197509765625 266.06500244140625 269.49749755859375 262.19000244140625 261.5675048828125 265.592498779296875 264.454986572265625 263.607513427734375 264.709991455078125 265.989990234375 265.1099853515625 263.602508544921875 266.097503662109375 265.802490234375 264.092498779296875 258.197509765625 251.8325042724609375 241.8600006103515625 227.092498779296875 229.69500732421875 228.0149993896484375 206.902496337890625 216.212493896484375 224.7725067138671875 206.2075042724609375 236.787506103515625 244.8300018310546875 239.5424957275390625 241.907501220703125 231.9474945068359375 207.68499755859375 213.2949981689453125 236.6074981689453125 230.2075042724609375 221.87249755859375 225.1649932861328125 249.4575042724609375 260.087493896484375
-9999 -9999 -9999 -9999 266.26251220703125 266.329986572265625 255.1699981689453125 262.57501220703125 255.4199981689453125 227.5825042724609375 242.8224945068359375 256.092498779296875 262.654998779296875 264.25 266.587493896484375 261.6300048828125 266.2349853515625 263.597503662109375 260.972503662109375 256.647491455078125 262.2974853515625 267.017486572265625 267.980010986328125 266.832489013671875 266.920013427734375 266.68499755859375 265.842498779296875 265.75250244140625 263.920013427734375 253.9600067138671875 249.5774993896484375 246.6199951171875 225.274993896484375 214.67999267578125 237.6349945068359375 233.095001220703125 222.899993896484375 250.5574951171875 255.06500244140625 251 243.9774932861328125 223.1150054931640625 224.1300048828125 232.82000732421875 236.50750732421875 238.9875030517578125 225.1775054931640625 241.0800018310546875 259.24249267578125 262.540008544921875
-9999 -9999 -9999 -9999 267.0775146484375 264.11749267578125 257.712493896484375 262.00250244140625 262.489990234375 260.052490234375 260.607513427734375 259.595001220703125 265.87249755859375 265.665008544921875 266.712493896484375 266.9324951171875 267.05999755859375 267.260009765625 267.26251220703125 267.26251220703125 264.177490234375 267.464996337890625 267.6925048828125 267.0474853515625 266.07000732421875 266.74249267578125 266.1300048828125 265.8275146484375 264.407501220703125 253.6775054931640625 251.3025054931640625 245.4850006103515625 237.94000244140625 230.9875030517578125 237.9225006103515625 248.337493896484375 247.87249755859375 248.100006103515625 235.662506103515625 222.8549957275390625 243.4774932861328125 236.0800018310546875 222.9524993896484375 226.1725006103515625 234.3524932861328125 237.75750732421875 237.9575042724609375 256.73748779296875 262.394989013671875 264.595001220703125
-9999 -9999 -9999 -9999 269.25 266.837493896484375 264.287506103515625 263.19500732421875 264.239990234375 265.3125 265.9949951171875 263.790008544921875 267.040008544921875 261.30999755859375 265.177490234375 267.1199951171875 268.0474853515625 267.75750732421875 267.602508544921875 267.892486572265625 266.74249267578125 267.462493896484375 267.4425048828125 267.25250244140625 266.709991455078125 266.3074951171875 265.43499755859375 260.7650146484375 243.30499267578125 249.38250732421875 237.87249755859375 229.0475006103515625 222.212493896484375 238.94000244140625 240.38250732421875 224.6399993896484375 228.589996337890625 213.1974945068359375 232.8325042724609375 242.0424957275390625 245.25250244140625 254.5424957275390625 244.9149932861328125 241.3925018310546875 251.0850067138671875 253.7324981689453125 261.76251220703125 260.462493896484375 262.62249755859375 264.86248779296875
-9999 -9999 -9999 -9999 271.220001220703125 269.94000244140625 268.8175048828125 264.607513427734375 267.732513427734375 267.6925048828125 267.614990234375 266.412506103515625 267.605010986328125 266.99249267578125 265.454986572265625 267.9425048828125 268.37750244140625 268.635009765625 268.147491455078125 268.035003662109375 268.01251220703125 266.907501220703125 265.125 261.732513427734375 262.239990234375 258.2974853515625 262.467498779296875 261.5675048828125 236.57000732421875 245.592498779296875 235.6399993896484375 213.1824951171875 224.3125 244.375 215.87249755859375 223.6999969482421875 232.13250732421875 236.274993896484375 244.9550018310546875 249.342498779296875 240.6300048828125 253.7375030517578125 260.787506103515625 259.052490234375 248.7400054931640625 258.855010986328125 264.394989013671875 264.017486572265625 264.0625 265.74749755859375
-9999 -9999 -9999 -9999 -9999 272.532501220703125 272.160003662109375 270.040008544921875 270.037506103515625 269.74249267578125 266.07000732421875 269.1300048828125 268.519989013671875 266.80499267578125 267.697509765625 268.017486572265625 268.204986572265625 268.845001220703125 268.5775146484375 268.417510986328125 267.510009765625 264.399993896484375 261.63250732421875 258.662506103515625 252.24749755859375 237.785003662109375 233.3325042724609375 239.6100006103515625 226.0724945068359375 229.9250030517578125 224.05499267578125 232.470001220703125 225.654998779296875 249.024993896484375 230.24749755859375 252.3000030517578125 248.69500732421875 247.6399993896484375 244.37750244140625 244.8650054931640625 249.287506103515625 259.092498779296875 263.045013427734375 263.220001220703125 255 261.67999267578125 264.01251220703125 265.160003662109375 264.44000244140625 265.904998779296875
