output/ras_bio_asc_01_agg.asc
ncols        72
nrows        72
xllcorner    108.334122886930
yllcorner    -4.499013005636
cellsize     0.166666676000
NODATA_value  -9999
[rows 22 to 43 of 72, columns 0 to 49 of 72]
1.#QNAN 1.#QNAN 1.#QNAN 1.#QNAN 1.#QNAN 1.#QNAN 1.#QNAN 1.#QNAN 1.#QNAN 1.#QNAN 1.#QNAN 1.#QNAN 1.#QNAN 1.#QNAN 1.#QNAN 1.#QNAN 1.#QNAN 1.#QNAN 1.#QNAN 1.#QNAN 1.#QNAN 1.#QNAN 1.#QNAN 1.#QNAN 1.#QNAN 1.#QNAN 1.#QNAN 1.#QNAN 1.#QNAN 1.#QNAN 1.#QNAN 1.#QNAN 267.48251342773437 266.65249633789062 265.95748901367187 269.41500854492187 267.64749145507812 265.09500122070312 260.96249389648437 251.00999450683594 242.44000244140625 227.14750671386719 202.06500244140625 209.26750183105469 208.99749755859375 215.19500732421875 244.8074951171875 242.12249755859375 248.3074951171875 260.0625
1.#QNAN 1.#QNAN 1.#QNAN 1.#QNAN 1.#QNAN 1.#QNAN 1.#QNAN 1.#QNAN 1.#QNAN 1.#QNAN 1.#QNAN 1.#QNAN 1.#QNAN 1.#QNAN 1.#QNAN 1.#QNAN 1.#QNAN 1.#QNAN 1.#QNAN 1.#QNAN 1.#QNAN 1.#QNAN 1.#QNAN 1.#QNAN 1.#QNAN 1.#QNAN 1.#QNAN 1.#QNAN 1.#QNAN 1.#QNAN 1.#QNAN 266.572509765625 266.78250122070312 263.98748779296875 261.41500854492188 264.71499633789062 264.43499755859375 257.46749877929687 255.27999877929688 245.64250183105469 231.55999755859375 220.66749572753906 205.76750183105469 210.50250244140625 215.77499389648437 201.60000610351562 236.08250427246094 243.76499938964844 257.83248901367187 269.10000610351562
1.#QNAN 1.#QNAN 1.#QNAN 1.#QNAN 1.#QNAN 1.#QNAN 1.#QNAN 1.#QNAN 1.#QNAN 1.#QNAN 1.#QNAN 1.#QNAN 1.#QNAN 1.#QNAN 1.#QNAN 1.#QNAN 1.#QNAN 1.#QNAN 1.#QNAN 1.#QNAN 1.#QNAN 1.#QNAN 1.#QNAN 1.#QNAN 1.#QNAN 1.#QNAN 1.#QNAN 1.#QNAN 1.#QNAN 1.#QNAN 265.41000366210937 266.30499267578125 264.73001098632812 262.6300048828125 258.78250122070312 254.46499633789062 257.17498779296875 256.0625 254.37249755859375 245.87249755859375 235.82499694824219 218.06500244140625 207.33500671386719 192.54750061035156 209.11500549316406 202.57499694824219 233.79750061035156 249.97749328613281 259.69500732421875 267.90249633789062
1.#QNAN 1.#QNAN 1.#QNAN 1.#QNAN 1.#QNAN 1.#QNAN 1.#QNAN 1.#QNAN 1.#QNAN 1.#QNAN 1.#QNAN 1.#QNAN 1.#QNAN 1.#QNAN 1.#QNAN 1.#QNAN 1.#QNAN 1.#QNAN 1.#QNAN 1.#QNAN 1.#QNAN 1.#QNAN 1.#QNAN 1.#QNAN 1.#QNAN 1.#QNAN 1.#QNAN 1.#QNAN 1.#QNAN 262.78250122070312 265.23001098632812 265.65499877929687 265.22000122070312 253.41000366210937 245.97500610351562 227.5675048828125 257.84249877929687 255.30499267578125 247.99249267578125 245.64250183105469 236.23249816894531 236.01249694824219 232.14500427246094 207.71000671386719 223.42750549316406 209.42750549316406 239.80499267578125 240.39999389648437 257.77999877929687 263.36248779296875
1.#QNAN 1.#QNAN 1.#QNAN 1.#QNAN 1.#QNAN 1.#QNAN 1.#QNAN 1.#QNAN 1.#QNAN 1.#QNAN 1.#QNAN 1.#QNAN 1.#QNAN 1.#QNAN 1.#QNAN 1.#QNAN 1.#QNAN 1.#QNAN 1.#QNAN 1.#QNAN 1.#QNAN 1.#QNAN 1.#QNAN 1.#QNAN 1.#QNAN 1.#QNAN 1.#QNAN 1.#QNAN 263.92498779296875 264.67001342773437 265.6724853515625 263.96499633789062 260.93499755859375 252.33250427246094 247.22749328613281 234.19749450683594 249.17999267578125 240.85499572753906 248.0050048828125 243.38749694824219 248.37249755859375 221.70750427246094 214.0675048828125 214.05000305175781 227.13749694824219 232.64750671386719 236.3125 241.7550048828125 261.29501342773437 251.73500061035156
1.#QNAN 1.#QNAN 1.#QNAN 1.#QNAN 1.#QNAN 1.#QNAN 1.#QNAN 1.#QNAN 1.#QNAN 1.#QNAN 1.#QNAN 1.#QNAN 1.#QNAN 1.#QNAN 1.#QNAN 1.#QNAN 1.#QNAN 1.#QNAN 1.#QNAN 1.#QNAN 1.#QNAN 1.#QNAN 1.#QNAN 1.#QNAN 1.#QNAN 266.47000122070312 265.73251342773437 262.24749755859375 262.40750122070312 263.39999389648437 264.802490234375 262.16500854492187 256.13751220703125 251.63499450683594 244.55250549316406 234.22250366210937 230.27250671386719 219.36749267578125 225.46000671386719 250.54249572753906 225.58250427246094 205.0675048828125 200.72500610351562 225.08250427246094 214.75250244140625 216.77000427246094 228.7449951171875 249.16499328613281 249.28500366210937 249.49249267578125
1.#QNAN 1.#QNAN 1.#QNAN 1.#QNAN 1.#QNAN 1.#QNAN 1.#QNAN 1.#QNAN 1.#QNAN 1.#QNAN 1.#QNAN 1.#QNAN 1.#QNAN 1.#QNAN 1.#QNAN 1.#QNAN 1.#QNAN 1.#QNAN 1.#QNAN 1.#QNAN 269.33749389648437 269.18499755859375 268.59249877929687 267.64498901367187 267.14248657226562 266.2349853515625 261.83999633789062 261.3800048828125 263.9849853515625 262.42999267578125 259.59750366210937 255.41000366210937 252.98249816894531 251.88999938964844 250.78500366210937 240.07000732421875 231.33250427246094 231.83500671386719 227.73500061035156 235.45750427246094 204.99749755859375 206.57249450683594 218.04499816894531 233.19000244140625 233.36250305175781 227.88999938964844 230.62750244140625 229.70249938964844 224.625 254.48750305175781
1.#QNAN 1.#QNAN 1.#QNAN 1.#QNAN 1.#QNAN 1.#QNAN 1.#QNAN 1.#QNAN 1.#QNAN 1.#QNAN 1.#QNAN 1.#QNAN 1.#QNAN 1.#QNAN 1.#QNAN 1.#QNAN 1.#QNAN 1.#QNAN 1.#QNAN 269.37249755859375 269.57998657226562 269.25 268.56500244140625 267.44500732421875 265.83749389648438 263.44000244140625 259.75250244140625 261.76998901367187 260.32998657226562 259.99749755859375 259.4425048828125 256.52499389648437 248.88250732421875 251.35000610351563 249.90499877929687 241.8699951171875 236.3074951171875 224.89250183105469 214.00999450683594 212.01499938964844 207.62249755859375 208.24249267578125 221.40249633789063 215.66499328613281 242.75750732421875 235.60249328613281 229.27999877929687 232.39500427246094 244.44749450683594 248.32249450683594
1.#QNAN 1.#QNAN 1.#QNAN 1.#QNAN 1.#QNAN 1.#QNAN 1.#QNAN 1.#QNAN 1.#QNAN 1.#QNAN 1.#QNAN 1.#QNAN 1.#QNAN 1.#QNAN 1.#QNAN 1.#QNAN 1.#QNAN 1.#QNAN 1.#QNAN 270.04513549804687 269.76748657226563 269.67498779296875 268.1824951171875 265.23251342773437 262.58749389648437 255.22500610351562 253.24749755859375 259.625 256.4375 260.02999877929687 258.74249267578125 248.69999694824219 246.41499328613281 238.32000732421875 223.75 227.9375 225.25 221.26499938964844 222.41749572753906 210.78999328613281 209.83500671386719 219.85499572753906 223.8125 213.08749389648437 225.50750732421875 228.38999938964844 231.16250610351562 226.30499267578125 230.40499877929687 247.61749267578125
1.#QNAN 1.#QNAN 1.#QNAN 1.#QNAN 1.#QNAN 1.#QNAN 1.#QNAN 1.#QNAN 1.#QNAN 1.#QNAN 1.#QNAN 1.#QNAN 1.#QNAN 1.#QNAN 1.#QNAN 1.#QNAN 1.#QNAN 1.#QNAN 270.11749267578125 270.16500854492188 270.16000366210937 269.66250610351562 267.177490234375 263.6875 257.375 252.83500671386719 253.72000122070312 257.3074951171875 262.27499389648437 260.29251098632813 256.45001220703125 248.01499938964844 225.02000427246094 248.66250610351562 242.3699951171875 236.5625 229.80999755859375 224.12750244140625 215.63999938964844 211.05000305175781 221.35749816894531 211.16749572753906 218.84750366210937 218.60000610351562 231.66000366210937 210.84750366210937 210.08999633789062 216.90499877929687 227.23750305175781 250.58250427246094
1.#QNAN 1.#QNAN 1.#QNAN 1.#QNAN 1.#QNAN 1.#QNAN 1.#QNAN 1.#QNAN 1.#QNAN 1.#QNAN 1.#QNAN 1.#QNAN 1.#QNAN 1.#QNAN 1.#QNAN 1.#QNAN 1.#QNAN 1.#QNAN 269.96060180664062 269.87750244140625 269.32998657226563 268.99749755859375 268.85000610351562 267.614990234375 263.94000244140625 258.1925048828125 257.8125 258.4224853515625 261.8599853515625 261.6925048828125 259.3599853515625 255.875 226.60749816894531 242.49749755859375 244.22999572753906 241.69000244140625 221.55499267578125 227.89750671386719 217.76750183105469 219.21000671386719 226.375 215.55499267578125 230.75750732421875 227.875 231.09500122070312 229.34750366210937 212.48500061035156 219.34249877929687 237.46499633789063 247.59500122070312
1.#QNAN 1.#QNAN 1.#QNAN 1.#QNAN 1.#QNAN 1.#QNAN 1.#QNAN 1.#QNAN 1.#QNAN 1.#QNAN 1.#QNAN 1.#QNAN 1.#QNAN 1.#QNAN 1.#QNAN 1.#QNAN 1.#QNAN 269.83749389648437 267.02749633789062 266.79998779296875 266.3800048828125 266.02249145507812 263.3699951171875 263.77499389648438 262.27749633789062 262.4525146484375 259.02249145507812 256.697509765625 257.25 257.927490234375 257.33499145507812 254.8800048828125 251.72000122070312 242.05999755859375 236.625 241.81500244140625 237.83999633789062 239.6199951171875 233.41000366210937 232.47500610351562 226.88749694824219 219.20500183105469 210.91749572753906 220.15750122070312 218.13999938964844 221.31500244140625 218.82249450683594 216.41000366210937 229.28750610351562 247.27749633789062
1.#QNAN 1.#QNAN 1.#QNAN 1.#QNAN 1.#QNAN 1.#QNAN 264.6199951171875 257.82501220703125 1.#QNAN 1.#QNAN 1.#QNAN 1.#QNAN 1.#QNAN 1.#QNAN 1.#QNAN 1.#QNAN 1.#QNAN 269.87249755859375 268.125 264.79998779296875 263.71749877929687 263.552490234375 260.802490234375 259.90750122070312 256.8599853515625 259.802490234375 249.93499755859375 243.2449951171875 249.28500366210937 254.66499328613281 252.96000671386719 249.88499450683594 252.59249877929687 244.9375 234.73249816894531 228.76249694824219 230.66999816894531 238.32000732421875 223.4375 228.33500671386719 211.42999267578125 214.60499572753906 208.13999938964844 219.04499816894531 228.16749572753906 218.5050048828125 212.30999755859375 218.98750305175781 209.37750244140625 233.03750610351562
1.#QNAN 1.#QNAN 1.#QNAN 1.#QNAN 1.#QNAN 1.#QNAN 265.989990234375 261.88250732421875 264.8900146484375 266.21249389648437 264.98251342773437 266.9949951171875 1.#QNAN 1.#QNAN 1.#QNAN 1.#QNAN 1.#QNAN 269.88751220703125 269.19500732421875 264.2349853515625 257.552490234375 253.80499267578125 249.86250305175781 250.38250732421875 246.27000427246094 244.00250244140625 248.57499694824219 246.59249877929687 249.1199951171875 250.96499633789062 249.73750305175781 250.00999450683594 251.0625 245.24000549316406 244.01499938964844 234.09500122070312 229.9949951171875 212.2550048828125 211.03750610351562 206.64750671386719 218.66749572753906 225.22000122070312 227.87750244140625 211.83500671386719 231.83000183105469 212.11250305175781 198.58500671386719 221.65249633789062 224.38999938964844 225.92500305175781
1.#QNAN 1.#QNAN 1.#QNAN 1.#QNAN 1.#QNAN 266.68499755859375 265.80499267578125 265.00750732421875 265.1199951171875 264.9849853515625 265.25250244140625 267.54000854492187 269.44500732421875 269.8125 269.9849853515625 269.29000854492187 270.00250244140625 269.82501220703125 269.84249877929687 267.114990234375 260.23748779296875 245.98500061035156 242.11250305175781 242.85749816894531 245.79499816894531 247.45249938964844 244.71499633789063 234.25 238.41999816894531 238.61250305175781 243.98500061035156 233.3074951171875 238.25 227.16000366210937 221.02250671386719 221.87750244140625 224.9949951171875 198.48249816894531 212.73500061035156 230.27250671386719 231.5050048828125 223.35249328613281 234.37249755859375 215.9949951171875 226.58000183105469 208.53750610351562 207.05499267578125 219.32249450683594 239.03250122070312 248.77999877929687
1.#QNAN 1.#QNAN 1.#QNAN 1.#QNAN 1.#QNAN 265.5474853515625 264.73748779296875 264.67498779296875 263.34750366210937 262.8699951171875 254.71499633789062 259.46749877929687 266.697509765625 268.7974853515625 269.80499267578125 266.35000610351562 267.13250732421875 269.33499145507812 269.68499755859375 269.2025146484375 265.39749145507812 258.32501220703125 251.88250732421875 252.35249328613281 255.48500061035156 251.08250427246094 250.78500366210937 243.60249328613281 246.51249694824219 238.24249267578125 226.24749755859375 212.52000427246094 225.7550048828125 238.02499389648437 226.03750610351562 231.55000305175781 223.44999694824219 209.49000549316406 204.9324951171875 228.95500183105469 239.8699951171875 237.20500183105469 219.5050048828125 214.42999267578125 218.27000427246094 226.67250061035156 207.38499450683594 214.36749267578125 235.98249816894531 255.60499572753906
1.#QNAN 1.#QNAN 1.#QNAN 1.#QNAN 267.54501342773437 265.9949951171875 262.697509765625 262.83749389648438 256.364990234375 235.79249572753906 245.1199951171875 253.33749389648437 265.197509765625 266.06500244140625 269.49749755859375 262.19000244140625 261.5675048828125 265.59249877929687 264.45498657226562 263.60751342773437 264.70999145507812 265.989990234375 265.1099853515625 263.60250854492187 266.09750366210937 265.802490234375 264.09249877929687 258.197509765625 251.83250427246094 241.86000061035156 227.09249877929687 229.69500732421875 228.01499938964844 206.90249633789063 216.21249389648437 224.77250671386719 206.20750427246094 236.78750610351562 244.83000183105469 239.54249572753906 241.90750122070312 231.94749450683594 207.68499755859375 213.29499816894531 236.60749816894531 230.20750427246094 221.87249755859375 225.16499328613281 249.45750427246094 260.08749389648438
1.#QNAN 1.#QNAN 1.#QNAN 1.#QNAN 266.26251220703125 266.32998657226563 255.16999816894531 262.57501220703125 255.41999816894531 227.58250427246094 242.82249450683594 256.09249877929687 262.65499877929687 264.25 266.58749389648437 261.6300048828125 266.2349853515625 263.59750366210937 260.97250366210937 256.64749145507812 262.2974853515625 267.01748657226563 267.98001098632812 266.83248901367187 266.92001342773437 266.68499755859375 265.84249877929687 265.75250244140625 263.92001342773437 253.96000671386719 249.57749938964844 246.6199951171875 225.27499389648437 214.67999267578125 237.63499450683594 233.09500122070312 222.89999389648437 250.5574951171875 255.06500244140625 251 243.97749328613281 223.11500549316406 224.1300048828125 232.82000732421875 236.50750732421875 238.98750305175781 225.17750549316406 241.08000183105469 259.24249267578125 262.54000854492187
1.#QNAN 1.#QNAN 1.#QNAN 1.#QNAN 267.0775146484375 264.11749267578125 257.71249389648437 262.00250244140625 262.489990234375 260.052490234375 260.60751342773437 259.59500122070313 265.87249755859375 265.66500854492187 266.71249389648437 266.9324951171875 267.05999755859375 267.260009765625 267.26251220703125 267.26251220703125 264.177490234375 267.46499633789062 267.6925048828125 267.0474853515625 266.07000732421875 266.74249267578125 266.1300048828125 265.8275146484375 264.40750122070312 253.67750549316406 251.30250549316406 245.48500061035156 237.94000244140625 230.98750305175781 237.92250061035156 248.33749389648437 247.87249755859375 248.10000610351562 235.66250610351562 222.85499572753906 243.47749328613281 236.08000183105469 222.95249938964844 226.17250061035156 234.35249328613281 237.75750732421875 237.95750427246094 256.73748779296875 262.39498901367187 264.59500122070312
1.#QNAN 1.#QNAN 1.#QNAN 1.#QNAN 269.25 266.83749389648437 264.28750610351562 263.19500732421875 264.239990234375 265.3125 265.9949951171875 263.79000854492187 267.04000854492187 261.30999755859375 265.177490234375 267.1199951171875 268.0474853515625 267.75750732421875 267.60250854492188 267.89248657226562 266.74249267578125 267.46249389648438 267.4425048828125 267.25250244140625 266.70999145507812 266.3074951171875 265.43499755859375 260.7650146484375 243.30499267578125 249.38250732421875 237.87249755859375 229.04750061035156 222.21249389648437 238.94000244140625 240.38250732421875 224.63999938964844 228.58999633789062 213.19749450683594 232.83250427246094 242.04249572753906 245.25250244140625 254.54249572753906 244.91499328613281 241.39250183105469 251.08500671386719 253.73249816894531 261.76251220703125 260.46249389648437 262.62249755859375 264.86248779296875
1.#QNAN 1.#QNAN 1.#QNAN 1.#QNAN 271.22000122070312 269.94000244140625 268.8175048828125 264.60751342773437 267.73251342773437 267.6925048828125 267.614990234375 266.41250610351562 267.60501098632812 266.99249267578125 265.45498657226562 267.9425048828125 268.37750244140625 268.635009765625 268.14749145507812 268.03500366210937 268.01251220703125 266.90750122070312 265.125 261.73251342773437 262.239990234375 258.2974853515625 262.46749877929687 261.5675048828125 236.57000732421875 245.59249877929687 235.63999938964844 213.1824951171875 224.3125 244.375 215.87249755859375 223.69999694824219 232.13250732421875 236.27499389648437 244.95500183105469 249.34249877929687 240.6300048828125 253.73750305175781 260.78750610351562 259.052490234375 248.74000549316406 258.85501098632812 264.39498901367187 264.01748657226562 264.0625 265.74749755859375
1.#QNAN 1.#QNAN 1.#QNAN 1.#QNAN 1.#QNAN 272.53250122070312 272.16000366210937 270.04000854492187 270.03750610351562 269.74249267578125 266.07000732421875 269.1300048828125 268.51998901367187 266.80499267578125 267.697509765625 268.01748657226562 268.20498657226562 268.84500122070312 268.5775146484375 268.41751098632812 267.510009765625 264.39999389648437 261.63250732421875 258.66250610351562 252.24749755859375 237.78500366210937 233.33250427246094 239.61000061035156 226.07249450683594 229.92500305175781 224.05499267578125 232.47000122070312 225.65499877929687 249.02499389648437 230.24749755859375 252.30000305175781 248.69500732421875 247.63999938964844 244.37750244140625 244.86500549316406 249.28750610351562 259.09249877929687 263.04501342773437 263.22000122070312 255 261.67999267578125 264.01251220703125 265.16000366210937 264.44000244140625 265.90499877929687
