output/ras_bio_asc_01_agg.asc
ncols        72
nrows        72
xllcorner    108.334122886930
yllcorner    -4.499013005636
cellsize     0.166666676000
NODATA_value  -9999
[rows 44 to 65 of 72, columns 0 to 49 of 72]
-9999 -9999 -9999 -9999 -9999 274.774993896484375 274.267486572265625 272.899993896484375 271.839996337890625 270.6300048828125 268.704986572265625 269.74749755859375 268.37750244140625 268.232513427734375 268.510009765625 268.9849853515625 268.8175048828125 268.957489013671875 268.55999755859375 268.089996337890625 267.510009765625 266.23748779296875 259.80999755859375 255.7949981689453125 251.1925048828125 251.7649993896484375 242.4225006103515625 233.67999267578125 231.56500244140625 231.912506103515625 232.74249267578125 241.404998779296875 234.12249755859375 244.214996337890625 243.5424957275390625 250.7324981689453125 240.3025054931640625 242.3224945068359375 237.8849945068359375 250.7400054931640625 259.5050048828125 256.647491455078125 251.1049957275390625 262.157501220703125 262.532501220703125 261.105010986328125 262.3800048828125 264.100006103515625 265.7550048828125 265.907501220703125
-9999 -9999 -9999 -9999 -9999 275.537506103515625 275.00250244140625 273.76251220703125 272.44000244140625 271.5675048828125 270.462493896484375 269.720001220703125 269.1925048828125 264.282501220703125 268.100006103515625 268.959991455078125 268.105010986328125 268.3125 268.157501220703125 267.977508544921875 267.36749267578125 267.279998779296875 265.0775146484375 260.769989013671875 244.277496337890625 245.49749755859375 253.1649932861328125 252.842498779296875 245.972503662109375 236.0525054931640625 246.3600006103515625 256.302490234375 249.80499267578125 246.1824951171875 250.1300048828125 251.8274993896484375 238.2299957275390625 234.8524932861328125 248.5825042724609375 249.7550048828125 256.035003662109375 247.2350006103515625 252.7725067138671875 260.097503662109375 264.5 261.6400146484375 263.17999267578125 265.37750244140625 266.0474853515625 266.4425048828125
-9999 -9999 -9999 -9999 -9999 274.572509765625 274.302490234375 273.4224853515625 272.767486572265625 271.837493896484375 269.87249755859375 268.704986572265625 265.1099853515625 261.282501220703125 265.822509765625 262.5474853515625 265.225006103515625 259.652496337890625 267.027496337890625 267.649993896484375 267.63250732421875 266.899993896484375 265.6400146484375 257.915008544921875 256.885009765625 260.88250732421875 257.212493896484375 256.642486572265625 250.5774993896484375 224.2599945068359375 233.0800018310546875 250.12750244140625 255.2350006103515625 252.654998779296875 245.3574981689453125 246.125 245.5424957275390625 251.0800018310546875 258.774993896484375 255.9824981689453125 257.26251220703125 259.1300048828125 261.152496337890625 254.75750732421875 261.49749755859375 264.45001220703125 265.0675048828125 265.802490234375 266.125 266.17999267578125
-9999 -9999 -9999 -9999 -9999 273.0150146484375 273.7025146484375 273.31500244140625 272.2349853515625 271.670013427734375 270.99749755859375 269.635009765625 266.345001220703125 257.822509765625 264.769989013671875 236.842498779296875 241.75 251.0825042724609375 262.842498779296875 261.709991455078125 265.292510986328125 266.2974853515625 265.357513427734375 264.214996337890625 263.277496337890625 259.4425048828125 257.44000244140625 253.6125030517578125 250.782501220703125 241.8249969482421875 239.0399932861328125 240.37750244140625 243.2949981689453125 242.967498779296875 256.162506103515625 251.5200042724609375 240.4149932861328125 250.0149993896484375 261.232513427734375 260.832489013671875 260.052490234375 259.397491455078125 260.917510986328125 262.9224853515625 263.6925048828125 264.7349853515625 265.18499755859375 265.892486572265625 265.582489013671875 262.839996337890625
-9999 -9999 -9999 -9999 -9999 -9999 -9999 272.57537841796875 272.089996337890625 271.517486572265625 270.2349853515625 268.782501220703125 266.68499755859375 263.9425048828125 262.532501220703125 254.089996337890625 247.7700042724609375 246.2350006103515625 254.5050048828125 256.44000244140625 259.86248779296875 252.1150054931640625 255.0225067138671875 245.3249969482421875 237.089996337890625 239.5800018310546875 228.6649932861328125 244.87750244140625 247.25 242.7550048828125 246.30999755859375 252.6150054931640625 253.2274932861328125 255.529998779296875 257.427490234375 261.042510986328125 257.019989013671875 260.3125 262.37249755859375 261.665008544921875 261.517486572265625 260.847503662109375 261.19500732421875 262.532501220703125 262.227508544921875 262.519989013671875 263.7650146484375 264.584991455078125 264.045013427734375 256.837493896484375
-9999 -9999 -9999 -9999 -9999 -9999 -9999 -9999 271.8125 271.67498779296875 270.43499755859375 269.26251220703125 267.282501220703125 266.277496337890625 263.915008544921875 263.17999267578125 251.49749755859375 238.2949981689453125 260.57000732421875 263.86248779296875 258.23748779296875 240.49249267578125 248.82000732421875 249.2375030517578125 235.3524932861328125 238.9799957275390625 242.527496337890625 252.0099945068359375 242.657501220703125 242.4149932861328125 257.339996337890625 259.037506103515625 258.102508544921875 261.462493896484375 261.084991455078125 262.01251220703125 260.86248779296875 261.87249755859375 260.730010986328125 262.9324951171875 262.404998779296875 260.147491455078125 260.1925048828125 260.25750732421875 261.44500732421875 261.842498779296875 261.850006103515625 262.5574951171875 257.720001220703125 252.5449981689453125
-9999 -9999 -9999 -9999 -9999 -9999 -9999 -9999 271.59942626953125 271.29998779296875 270.524993896484375 266.972503662109375 264.24749755859375 266.355010986328125 265 260.3699951171875 249.7100067138671875 250.4250030517578125 260.894989013671875 258.0474853515625 253.337493896484375 250.225006103515625 257.05499267578125 258.177490234375 257.917510986328125 252.75750732421875 255.1074981689453125 260.552490234375 260.410003662109375 258.904998779296875 260.142486572265625 262.454986572265625 261.25750732421875 261.30999755859375 262.12249755859375 259.720001220703125 259.11248779296875 259.0675048828125 262.0775146484375 263.177490234375 262.274993896484375 260.962493896484375 259.097503662109375 258.447509765625 259.1300048828125 259.454986572265625 257.642486572265625 257.5050048828125 246.587493896484375 249.287506103515625
-9999 -9999 -9999 -9999 -9999 -9999 -9999 270.552734375 -9999 -9999 270.44000244140625 267.75750732421875 268.17999267578125 267.73748779296875 264.292510986328125 254.537506103515625 249.9425048828125 245.214996337890625 254.875 252.472503662109375 259.12750244140625 259.1300048828125 258.052490234375 259.57000732421875 260.56500244140625 261.019989013671875 262.040008544921875 262.63751220703125 262.529998779296875 260.332489013671875 260.845001220703125 262.31500244140625 262.6400146484375 261.7550048828125 262.529998779296875 261.68499755859375 261.01251220703125 260.790008544921875 261.04998779296875 263.032501220703125 261.105010986328125 260.095001220703125 258.864990234375 257.48748779296875 251.7624969482421875 250.44000244140625 253.5749969482421875 244.660003662109375 250.07000732421875 259.1300048828125
-9999 -9999 -9999 -9999 -9999 -9999 -9999 -9999 -9999 -9999 -9999 259.8800048828125 267.714996337890625 267.489990234375 266.4949951171875 262.17999267578125 255.4225006103515625 251.11749267578125 255.8925018310546875 256.582489013671875 260.779998779296875 261.274993896484375 259.75 257.165008544921875 260.1875 262.864990234375 262.9224853515625 262.347503662109375 263.9375 262.81500244140625 262.982513427734375 263.44500732421875 262.024993896484375 262.73748779296875 261.162506103515625 262.3175048828125 261.614990234375 261.12249755859375 262.274993896484375 262.962493896484375 261.712493896484375 260.279998779296875 254.2050018310546875 251.7449951171875 250.9499969482421875 251.1024932861328125 255.2649993896484375 255.67999267578125 259.082489013671875 261.75250244140625
-9999 -9999 -9999 -9999 -9999 -9999 -9999 -9999 -9999 -9999 -9999 267.74249267578125 265.7449951171875 265.1824951171875 261.697509765625 259.75250244140625 255.38250732421875 249.7700042724609375 258.8275146484375 254.8224945068359375 248.05999755859375 259.7974853515625 256.4324951171875 256.475006103515625 261.67999267578125 262.92999267578125 263.149993896484375 263.839996337890625 264.70001220703125 263.2349853515625 264.084991455078125 264.42498779296875 262.977508544921875 263.4949951171875 262.045013427734375 261.99749755859375 263.217498779296875 262.274993896484375 263.207489013671875 263.962493896484375 262.48748779296875 260.850006103515625 245.9324951171875 244.652496337890625 251.81500244140625 247.6450042724609375 250.5675048828125 261.8699951171875 261.407501220703125 -9999
-9999 -9999 -9999 -9999 -9999 -9999 -9999 -9999 -9999 -9999 -9999 268.67498779296875 268.63751220703125 266.677490234375 260.779998779296875 252.467498779296875 255.2975006103515625 262.43499755859375 261.917510986328125 249.7050018310546875 247.0774993896484375 256.847503662109375 249.86749267578125 256.5574951171875 261.56500244140625 264.232513427734375 264.404998779296875 264.204986572265625 264.55499267578125 265.1400146484375 263.88250732421875 264.6199951171875 263.834991455078125 263.917510986328125 262.774993896484375 263.17999267578125 263.8074951171875 263.595001220703125 264.464996337890625 264.339996337890625 263.17498779296875 259.517486572265625 251.0124969482421875 248.3074951171875 257.4425048828125 249.6775054931640625 254.57000732421875 263.277496337890625 -9999 -9999
-9999 -9999 -9999 -9999 -9999 -9999 -9999 -9999 -9999 -9999 -9999 268.785003662109375 267.6875 266.092498779296875 260.720001220703125 256.93499755859375 263.447509765625 259.3599853515625 265.035003662109375 263.402496337890625 257.477508544921875 261.5775146484375 260.149993896484375 263.032501220703125 265.850006103515625 266.279998779296875 266.67498779296875 265.93499755859375 265.125 265.63250732421875 264.7025146484375 264.6724853515625 264.864990234375 264.697509765625 263.962493896484375 264.11749267578125 264.87249755859375 264.32000732421875 265.2550048828125 264.88751220703125 263.917510986328125 258.537506103515625 256.2650146484375 255.220001220703125 246.0675048828125 252.662506103515625 258.714996337890625 -9999 -9999 -9999
-9999 -9999 -9999 -9999 -9999 -9999 -9999 -9999 -9999 -9999 -9999 268.529998779296875 268.177490234375 264.962493896484375 264.274993896484375 260.427490234375 263.6099853515625 264.94000244140625 267.11749267578125 266.290008544921875 265.347503662109375 264.48748779296875 264.9375 265.212493896484375 265.927490234375 267.165008544921875 267.17999267578125 266.67498779296875 266.579986572265625 265.980010986328125 266.06500244140625 265.05999755859375 265.642486572265625 265.225006103515625 264.592498779296875 265.05499267578125 265.50750732421875 265.045013427734375 265.347503662109375 265.42498779296875 264.6925048828125 261.9525146484375 260.850006103515625 261.2025146484375 242.279998779296875 260.977508544921875 262.475006103515625 264.739990234375 -9999 -9999
-9999 -9999 -9999 -9999 -9999 -9999 -9999 -9999 -9999 -9999 -9999 268.625 268.3125 266.295013427734375 266.3275146484375 266.8125 265.0775146484375 263.522491455078125 267.0625 266.51251220703125 264.855010986328125 265.9375 266.029998779296875 265.947509765625 266.524993896484375 267.4224853515625 267.447509765625 267.07000732421875 266.92999267578125 265.9849853515625 266.1925048828125 265.63250732421875 265.792510986328125 266.17999267578125 265.1824951171875 265.6400146484375 265.677490234375 265.454986572265625 265.9525146484375 265.8275146484375 264.772491455078125 263.834991455078125 264.0775146484375 261.0775146484375 243.63250732421875 257.162506103515625 262.165008544921875 265.13751220703125 -9999 -9999
-9999 -9999 -9999 -9999 -9999 -9999 -9999 -9999 -9999 -9999 -9999 268.035003662109375 268.3900146484375 267.542510986328125 266.600006103515625 267.714996337890625 267.5625 266.489990234375 267.545013427734375 266.962493896484375 266.2650146484375 267.470001220703125 266.62249755859375 266.355010986328125 265.767486572265625 266.912506103515625 267.7550048828125 267.489990234375 267.12249755859375 266.7349853515625 266.5625 266.30499267578125 266.010009765625 266.777496337890625 266.5574951171875 266.04998779296875 266.13250732421875 265.94500732421875 266.100006103515625 266.579986572265625 265.9324951171875 265.6824951171875 264.842498779296875 263.7550048828125 253.0149993896484375 253.4550018310546875 263.76251220703125 265.3699951171875 265.7449951171875 -9999
-9999 -9999 -9999 -9999 -9999 -9999 -9999 -9999 -9999 -9999 -9999 267.972503662109375 268.3800048828125 267.9375 267.3125 267.285003662109375 268.3699951171875 268.392486572265625 267.902496337890625 267.892486572265625 267.954986572265625 267.665008544921875 267.07501220703125 266.829986572265625 266.8175048828125 267.51251220703125 267.56500244140625 267.489990234375 267.36248779296875 267.045013427734375 266.50250244140625 266.447509765625 266.144989013671875 266.529998779296875 266.605010986328125 266.475006103515625 266.584991455078125 266.6724853515625 266.75250244140625 266.894989013671875 266.962493896484375 266.767486572265625 265.712493896484375 262.204986572265625 239.9875030517578125 246.5625 264.542510986328125 265.717498779296875 -9999 -9999
-9999 -9999 -9999 -9999 -9999 -9999 -9999 -9999 -9999 -9999 -9999 -9999 267.910003662109375 267.970001220703125 267.894989013671875 267.62249755859375 268.272491455078125 268.0574951171875 267.964996337890625 268.214996337890625 268.30499267578125 267.667510986328125 266.99249267578125 267.412506103515625 267.6199951171875 267.822509765625 267.537506103515625 267.899993896484375 267.114990234375 267.084991455078125 267.102508544921875 266.832489013671875 266.44500732421875 266.5050048828125 266.964996337890625 267.017486572265625 266.964996337890625 267.017486572265625 267.0474853515625 267.11749267578125 267.1724853515625 267.475006103515625 265.649993896484375 248.787506103515625 229.2375030517578125 251.3574981689453125 264.334991455078125 -9999 -9999 -9999
-9999 -9999 -9999 -9999 -9999 -9999 -9999 -9999 -9999 -9999 -9999 -9999 268.037506103515625 268.149993896484375 268.105010986328125 268.087493896484375 268.7550048828125 268.0775146484375 268.2349853515625 268.32000732421875 268.46044921875 267.654998779296875 267.279998779296875 268.029998779296875 267.717498779296875 267.80999755859375 267.959991455078125 268.135009765625 267.18499755859375 267.2550048828125 267.024993896484375 266.8125 267.05999755859375 266.9525146484375 266.74749755859375 266.980010986328125 267.042510986328125 267.1925048828125 267.8175048828125 267.8900146484375 267.962493896484375 267.517486572265625 258.772491455078125 222.13250732421875 240.6374969482421875 259.80499267578125 265.60504150390625 264.3175048828125 -9999 -9999
-9999 -9999 -9999 -9999 -9999 -9999 -9999 -9999 -9999 -9999 -9999 -9999 -9999 -9999 268.88751220703125 268.897491455078125 268.55999755859375 -9999 -9999 -9999 -9999 267.93499755859375 267.760009765625 268.029998779296875 268.260009765625 268.17498779296875 268.467498779296875 268.412506103515625 -9999 267.61749267578125 267.102508544921875 267.167510986328125 267.777496337890625 267.267486572265625 267.027496337890625 267 267.045013427734375 267.662506103515625 268.0474853515625 268.5474853515625 268.43499755859375 265.355010986328125 250.7024993896484375 235.097503662109375 252.1300048828125 264.38751220703125 -9999 -9999 -9999 -9999
-9999 -9999 -9999 -9999 -9999 -9999 -9999 -9999 -9999 -9999 -9999 -9999 -9999 -9999 -9999 -9999 -9999 -9999 -9999 -9999 -9999 268.07501220703125 268.582489013671875 268.529998779296875 268.6724853515625 268.70001220703125 268.170013427734375 -9999 -9999 -9999 267.625 267.94500732421875 267.76251220703125 267.375 267.26251220703125 267.0675048828125 267.089996337890625 267.75750732421875 268.334991455078125 269.072509765625 268.50250244140625 263.227508544921875 250.8300018310546875 243.5124969482421875 262.9224853515625 266.087493896484375 267.464996337890625 -9999 -9999 -9999
-9999 -9999 -9999 -9999 -9999 -9999 -9999 -9999 -9999 -9999 -9999 -9999 -9999 -9999 -9999 -9999 -9999 -9999 -9999 -9999 -9999 268.86749267578125 268.9224853515625 -9999 -9999 268.8900146484375 -9999 -9999 -9999 -9999 -9999 -9999 267.9324951171875 268 -9999 267.454986572265625 267.540008544921875 267.732513427734375 269.489990234375 269.822509765625 267.80999755859375 263.8125 254.1125030517578125 256.885009765625 265.790008544921875 264.25250244140625 -9999 -9999 -9999 -9999
-9999 -9999 -9999 -9999 -9999 -9999 -9999 -9999 -9999 -9999 -9999 -9999 -9999 -9999 -9999 -9999 -9999 -9999 -9999 -9999 -9999 269.089996337890625 -9999 -9999 -9999 -9999 -9999 -9999 -9999 -9999 -9999 -9999 -9999 -9999 -9999 -9999 -9999 269.097686767578125 270.839996337890625 270.20001220703125 265.222503662109375 261.13250732421875 246.69000244140625 262.917510986328125 267.850006103515625 268.04998779296875 -9999 -9999 -9999 -9999
