data/data_berlin/geo_raster_current_asc/summer_temp_100m_3035.asc
NCOLS 657 
NROWS 570 
XLLCORNER 4521040 
YLLCORNER 3243800 
CELLSIZE 100 
NODATA_value -9999 
[rows 180 to 215 of 570, columns 243 to 323 of 657]
2923 2913 2913 2922 2931 2940 2950 2959 2968 2977 2986 2995 3002 3006 3011 3015 3019 3024 3028 3032 3036 3041 3044 3045 3047 3048 3050 3051 3053 3055 3056 3058 3058 3056 3055 3054 3052 3051 3050 3048 3047 3045 3046 3048 3050 3052 3054 3056 3059 3061 3063 3065 3065 3063 3061 3058 3056 3054 3052 3050 3048 3045 3045 3047 3049 3052 3054 3056 3058 3060 3062 3064 3065 3065 3065 3065 3065 3065 3065 3065 3065
2925 2916 2916 2925 2935 2944 2954 2963 2972 2982 2991 3001 3007 3011 3015 3019 3023 3027 3031 3035 3039 3043 3045 3046 3046 3047 3048 3048 3049 3050 3050 3051 3051 3051 3050 3050 3049 3049 3049 3048 3048 3047 3048 3050 3051 3053 3055 3057 3059 3060 3062 3064 3064 3061 3059 3057 3055 3053 3051 3048 3046 3044 3044 3046 3048 3049 3051 3053 3055 3057 3059 3061 3062 3062 3063 3063 3063 3064 3064 3065 3065
2927 2919 2919 2929 2938 2948 2958 2967 2977 2987 2996 3006 3013 3016 3020 3023 3027 3031 3034 3038 3042 3045 3047 3046 3046 3046 3046 3045 3045 3045 3044 3044 3044 3045 3045 3046 3046 3047 3048 3048 3049 3049 3050 3052 3053 3054 3056 3057 3058 3060 3061 3063 3062 3060 3058 3056 3053 3051 3049 3047 3045 3043 3042 3044 3046 3047 3049 3051 3053 3054 3056 3058 3059 3060 3061 3061 3062 3063 3064 3064 3065
2929 2921 2922 2932 2942 2952 2962 2972 2982 2992 3001 3011 3018 3021 3024 3028 3031 3034 3038 3041 3044 3047 3048 3047 3046 3045 3043 3042 3041 3040 3038 3037 3037 3039 3040 3042 3043 3045 3046 3048 3050 3051 3052 3053 3054 3055 3056 3057 3058 3059 3060 3061 3061 3059 3056 3054 3052 3050 3048 3045 3043 3041 3041 3042 3044 3045 3047 3048 3050 3052 3053 3055 3056 3057 3058 3060 3061 3062 3063 3064 3065
2932 2924 2926 2936 2946 2956 2966 2976 2986 2996 3006 3017 3023 3026 3029 3032 3035 3038 3041 3044 3047 3050 3050 3048 3046 3043 3041 3039 3037 3035 3032 3030 3030 3033 3035 3038 3040 3043 3045 3048 3050 3053 3055 3055 3056 3056 3057 3058 3058 3059 3060 3060 3060 3057 3055 3053 3051 3048 3046 3044 3042 3040 3039 3041 3042 3043 3045 3046 3047 3049 3050 3052 3053 3055 3056 3058 3059 3061 3062 3064 3066
2936 2929 2931 2941 2951 2960 2970 2980 2990 3000 3010 3020 3026 3028 3031 3034 3036 3039 3041 3044 3047 3049 3049 3047 3045 3042 3040 3037 3035 3033 3030 3028 3028 3031 3034 3037 3040 3042 3045 3048 3051 3054 3056 3056 3056 3057 3057 3058 3058 3059 3059 3060 3058 3056 3053 3050 3048 3045 3042 3040 3037 3034 3034 3036 3038 3040 3042 3044 3045 3047 3049 3051 3053 3054 3055 3057 3058 3059 3061 3062 3063
2944 2937 2939 2948 2957 2966 2975 2984 2993 3002 3011 3020 3026 3028 3030 3033 3035 3037 3039 3042 3044 3046 3046 3045 3043 3041 3039 3037 3035 3033 3032 3030 3030 3033 3035 3038 3041 3043 3046 3049 3051 3054 3055 3056 3056 3057 3057 3057 3058 3058 3059 3059 3058 3054 3050 3047 3043 3040 3036 3033 3029 3026 3025 3029 3032 3035 3038 3041 3044 3047 3050 3053 3055 3055 3056 3056 3057 3057 3058 3058 3059
2951 2945 2946 2955 2963 2971 2980 2988 2996 3004 3013 3021 3026 3028 3030 3032 3034 3036 3037 3039 3041 3043 3043 3042 3041 3040 3038 3037 3036 3034 3033 3032 3032 3035 3037 3039 3042 3044 3047 3049 3051 3054 3055 3056 3056 3056 3057 3057 3058 3058 3058 3059 3057 3052 3048 3043 3039 3035 3030 3026 3021 3017 3017 3021 3025 3030 3034 3038 3042 3046 3051 3055 3057 3056 3056 3056 3055 3055 3055 3054 3054
2959 2953 2954 2962 2969 2977 2984 2992 2999 3007 3014 3022 3026 3028 3029 3031 3032 3034 3035 3037 3039 3040 3040 3040 3039 3038 3037 3037 3036 3035 3034 3034 3034 3037 3039 3041 3043 3045 3047 3049 3052 3054 3055 3055 3056 3056 3057 3057 3057 3058 3058 3058 3056 3051 3045 3040 3035 3029 3024 3019 3013 3008 3008 3014 3019 3024 3030 3035 3041 3046 3051 3057 3059 3058 3056 3055 3054 3053 3052 3050 3049
2966 2961 2962 2968 2975 2982 2989 2995 3002 3009 3016 3022 3026 3028 3029 3030 3031 3032 3034 3035 3036 3037 3038 3037 3037 3037 3037 3037 3036 3036 3036 3036 3037 3038 3040 3042 3044 3046 3048 3050 3052 3054 3055 3055 3056 3056 3056 3057 3057 3057 3058 3058 3055 3049 3043 3036 3030 3024 3018 3012 3006 2999 3000 3006 3013 3019 3026 3032 3039 3046 3052 3059 3061 3059 3057 3055 3053 3051 3049 3047 3045
2974 2969 2969 2975 2981 2987 2993 2999 3005 3011 3017 3023 3027 3027 3028 3029 3030 3031 3032 3032 3033 3034 3035 3035 3035 3036 3036 3036 3037 3037 3037 3038 3039 3040 3042 3044 3045 3047 3049 3050 3052 3054 3055 3055 3055 3056 3056 3056 3057 3057 3057 3058 3054 3047 3040 3033 3026 3019 3012 3005 2998 2991 2991 2999 3006 3014 3022 3030 3037 3045 3053 3061 3063 3060 3057 3054 3051 3049 3046 3043 3040
2981 2977 2977 2982 2987 2993 2998 3003 3008 3014 3019 3024 3027 3027 3028 3028 3029 3029 3030 3030 3031 3031 3032 3033 3033 3034 3035 3036 3037 3038 3039 3040 3041 3042 3044 3045 3046 3048 3049 3051 3052 3054 3055 3055 3055 3055 3056 3056 3056 3057 3057 3057 3053 3045 3037 3030 3022 3014 3006 2998 2990 2982 2982 2991 3000 3009 3018 3027 3036 3045 3054 3063 3065 3061 3058 3054 3050 3046 3043 3039 3035
2989 2985 2985 2989 2994 2998 3002 3007 3011 3016 3020 3025 3027 3027 3027 3027 3027 3028 3028 3028 3028 3028 3029 3030 3032 3033 3034 3036 3037 3039 3040 3042 3043 3044 3045 3046 3048 3049 3050 3051 3052 3054 3054 3055 3055 3055 3055 3056 3056 3056 3057 3057 3053 3044 3035 3026 3017 3008 3000 2991 2982 2973 2974 2984 2994 3004 3014 3024 3034 3044 3054 3064 3067 3063 3058 3053 3049 3044 3040 3035 3031
2996 2992 2992 2996 3000 3003 3007 3011 3014 3018 3022 3025 3027 3027 3027 3026 3026 3026 3026 3025 3025 3025 3026 3028 3030 3032 3034 3036 3038 3040 3041 3043 3045 3046 3047 3048 3049 3050 3051 3052 3053 3054 3054 3054 3055 3055 3055 3055 3056 3056 3056 3056 3052 3042 3032 3023 3013 3003 2993 2984 2974 2964 2965 2976 2988 2999 3010 3021 3033 3044 3055 3066 3069 3064 3058 3053 3048 3042 3037 3031 3026
3004 3000 3000 3003 3006 3009 3012 3015 3017 3020 3023 3026 3027 3027 3026 3026 3025 3024 3024 3023 3023 3022 3023 3025 3028 3030 3033 3035 3038 3040 3043 3045 3047 3048 3048 3049 3050 3051 3051 3052 3053 3054 3054 3054 3054 3055 3055 3055 3055 3056 3056 3056 3051 3040 3030 3019 3008 2998 2987 2977 2966 2955 2956 2969 2981 2994 3006 3019 3031 3043 3056 3068 3071 3065 3059 3053 3046 3040 3034 3027 3021
3011 3008 3008 3010 3012 3014 3016 3018 3020 3021 3023 3025 3026 3025 3025 3024 3023 3023 3022 3021 3021 3020 3021 3023 3025 3027 3029 3031 3033 3035 3037 3039 3041 3042 3043 3044 3045 3046 3048 3049 3050 3051 3052 3052 3053 3053 3054 3054 3054 3055 3055 3055 3050 3040 3029 3018 3007 2997 2986 2975 2964 2953 2954 2967 2980 2992 3005 3017 3030 3043 3055 3068 3071 3064 3057 3050 3043 3036 3029 3022 3015
3018 3017 3016 3017 3018 3018 3019 3020 3021 3021 3022 3023 3023 3023 3022 3022 3021 3021 3020 3020 3019 3019 3019 3019 3020 3021 3021 3022 3022 3023 3024 3024 3026 3028 3030 3033 3035 3037 3039 3042 3044 3046 3048 3049 3049 3050 3051 3052 3053 3053 3054 3055 3050 3040 3030 3020 3009 2999 2989 2979 2969 2958 2959 2971 2983 2995 3006 3018 3030 3042 3053 3065 3067 3060 3052 3045 3037 3029 3022 3014 3006
3025 3025 3024 3024 3024 3023 3023 3022 3022 3022 3021 3021 3020 3020 3020 3019 3019 3019 3018 3018 3018 3018 3017 3016 3015 3014 3014 3013 3012 3011 3010 3009 3011 3014 3018 3021 3024 3028 3031 3035 3038 3042 3044 3045 3046 3047 3048 3050 3051 3052 3053 3054 3050 3040 3031 3021 3011 3002 2992 2982 2973 2963 2964 2975 2986 2997 3008 3019 3030 3041 3052 3063 3064 3056 3048 3039 3031 3023 3015 3007 2998
3033 3033 3033 3031 3030 3028 3026 3025 3023 3022 3020 3018 3017 3017 3017 3017 3017 3017 3017 3017 3017 3016 3015 3013 3011 3008 3006 3004 3002 2999 2997 2995 2996 3000 3005 3009 3014 3019 3023 3028 3032 3037 3040 3041 3043 3044 3046 3047 3049 3050 3052 3053 3050 3041 3032 3022 3013 3004 2995 2986 2977 2968 2969 2979 2989 2999 3009 3019 3030 3040 3050 3060 3061 3052 3043 3034 3025 3017 3008 2999 2990
3040 3041 3041 3038 3035 3033 3030 3027 3024 3022 3019 3016 3015 3015 3015 3015 3015 3015 3015 3015 3015 3015 3013 3010 3006 3002 2999 2995 2991 2987 2984 2980 2981 2987 2992 2998 3004 3009 3015 3021 3026 3032 3036 3038 3039 3041 3043 3045 3047 3049 3051 3053 3049 3041 3032 3024 3015 3007 2998 2990 2981 2973 2973 2983 2992 3001 3011 3020 3029 3039 3048 3058 3057 3048 3039 3029 3020 3010 3001 2991 2982
3047 3050 3049 3045 3041 3037 3033 3029 3025 3022 3018 3014 3012 3012 3012 3013 3013 3013 3013 3014 3014 3014 3012 3006 3001 2996 2991 2986 2981 2975 2970 2965 2966 2973 2980 2986 2993 3000 3007 3014 3020 3027 3032 3034 3036 3038 3041 3043 3045 3048 3050 3052 3049 3041 3033 3025 3017 3010 3002 2994 2986 2978 2978 2987 2995 3004 3012 3021 3029 3038 3046 3055 3054 3044 3034 3024 3014 3004 2994 2984 2974
3054 3058 3057 3052 3047 3042 3037 3032 3027 3022 3016 3011 3009 3009 3010 3010 3011 3011 3012 3012 3013 3013 3010 3003 2997 2990 2983 2977 2970 2964 2957 2950 2951 2959 2967 2975 2983 2991 2999 3006 3014 3022 3028 3030 3033 3036 3038 3041 3043 3046 3049 3051 3049 3042 3034 3027 3020 3012 3005 2997 2990 2983 2983 2990 2998 3006 3014 3021 3029 3037 3045 3052 3051 3040 3029 3019 3008 2997 2987 2976 2965
3061 3066 3066 3059 3053 3047 3040 3034 3028 3022 3015 3009 3006 3007 3007 3008 3009 3009 3010 3011 3011 3012 3008 3000 2992 2984 2976 2968 2960 2952 2944 2936 2936 2945 2954 2963 2972 2981 2990 2999 3008 3017 3024 3027 3030 3033 3036 3039 3042 3045 3048 3051 3049 3042 3035 3028 3022 3015 3008 3001 2994 2987 2988 2994 3001 3008 3015 3022 3029 3036 3043 3050 3048 3036 3025 3014 3002 2991 2980 2969 2957
3068 3075 3074 3066 3059 3051 3044 3037 3029 3022 3014 3007 3003 3004 3005 3006 3007 3007 3008 3009 3010 3011 3006 2997 2987 2978 2968 2959 2949 2940 2930 2921 2921 2931 2941 2952 2962 2972 2982 2992 3003 3013 3019 3023 3026 3030 3033 3036 3040 3043 3047 3050 3049 3042 3036 3030 3024 3017 3011 3005 2999 2992 2992 2998 3004 3011 3017 3023 3029 3035 3041 3047 3044 3032 3020 3009 2997 2985 2973 2961 2949
3076 3083 3082 3074 3065 3056 3048 3039 3030 3022 3013 3004 3000 3001 3002 3003 3004 3005 3006 3008 3009 3010 3005 2994 2983 2972 2961 2950 2939 2928 2917 2906 2906 2917 2929 2940 2951 2963 2974 2985 2997 3008 3015 3019 3023 3027 3031 3034 3038 3042 3046 3049 3048 3043 3037 3031 3026 3020 3014 3009 3003 2997 2997 3002 3008 3013 3018 3023 3029 3034 3039 3045 3041 3028 3016 3003 2991 2978 2966 2953 2941
3075 3082 3081 3072 3063 3054 3044 3035 3026 3017 3007 2998 2994 2995 2996 2997 2998 2999 3000 3001 3003 3004 2999 2988 2978 2967 2957 2946 2936 2925 2915 2904 2904 2915 2925 2936 2946 2957 2967 2978 2988 2999 3006 3010 3014 3018 3022 3026 3030 3034 3038 3042 3042 3037 3032 3027 3022 3018 3013 3008 3003 2998 2998 3003 3007 3012 3016 3021 3025 3030 3034 3039 3035 3023 3011 2999 2987 2976 2964 2952 2940
3067 3073 3071 3062 3053 3043 3034 3025 3016 3007 2997 2988 2984 2985 2986 2987 2988 2989 2990 2991 2992 2993 2989 2981 2973 2964 2956 2948 2940 2931 2923 2915 2915 2923 2930 2938 2946 2954 2962 2970 2978 2986 2992 2996 3000 3004 3008 3012 3016 3021 3025 3029 3029 3025 3022 3018 3014 3010 3007 3003 2999 2995 2995 2999 3003 3007 3011 3015 3019 3022 3026 3030 3027 3017 3007 2997 2986 2976 2966 2956 2946
3058 3063 3061 3052 3043 3033 3024 3015 3006 2997 2987 2978 2974 2975 2976 2977 2978 2979 2980 2980 2981 2982 2980 2974 2968 2962 2956 2950 2944 2938 2932 2926 2925 2931 2936 2941 2946 2952 2957 2962 2967 2972 2977 2981 2986 2990 2994 2998 3003 3007 3011 3015 3016 3014 3011 3008 3006 3003 3000 2998 2995 2992 2993 2996 2999 3002 3006 3009 3012 3015 3018 3022 3019 3011 3002 2994 2985 2977 2969 2960 2952
3050 3054 3051 3042 3032 3023 3014 3005 2996 2987 2977 2968 2964 2965 2966 2967 2967 2968 2969 2970 2971 2972 2970 2966 2963 2959 2955 2951 2948 2944 2940 2937 2936 2939 2941 2944 2946 2949 2951 2954 2957 2959 2963 2967 2971 2976 2980 2985 2989 2993 2998 3002 3003 3002 3000 2999 2997 2996 2994 2993 2991 2990 2990 2993 2995 2998 3000 3003 3005 3008 3010 3013 3011 3004 2998 2991 2984 2978 2971 2964 2958
3042 3044 3041 3032 3022 3013 3004 2995 2986 2977 2967 2958 2954 2955 2956 2956 2957 2958 2959 2959 2960 2961 2961 2959 2958 2956 2955 2953 2952 2950 2949 2947 2947 2947 2946 2946 2946 2946 2946 2946 2946 2946 2948 2953 2957 2962 2966 2971 2975 2980 2984 2988 2990 2990 2990 2989 2989 2988 2988 2988 2987 2987 2988 2989 2991 2993 2995 2997 2999 3001 3002 3004 3003 2998 2993 2988 2983 2978 2974 2969 2964
3033 3035 3031 3021 3012 3003 2994 2985 2976 2967 2957 2948 2944 2945 2945 2946 2947 2947 2948 2949 2950 2950 2951 2952 2953 2953 2954 2955 2956 2957 2957 2958 2957 2955 2952 2949 2946 2944 2941 2938 2936 2933 2934 2938 2943 2948 2952 2957 2961 2966 2970 2975 2978 2978 2979 2980 2980 2981 2982 2983 2983 2984 2985 2986 2987 2988 2990 2991 2992 2993 2994 2996 2995 2992 2988 2985 2982 2979 2976 2973 2970
3025 3025 3020 3011 3002 2993 2984 2975 2966 2957 2947 2938 2934 2935 2935 2936 2936 2937 2938 2938 2939 2940 2941 2944 2948 2951 2954 2957 2960 2963 2966 2969 2968 2963 2957 2952 2946 2941 2936 2930 2925 2920 2919 2924 2929 2933 2938 2943 2947 2952 2957 2962 2965 2967 2968 2970 2972 2974 2976 2977 2979 2981 2982 2983 2983 2984 2984 2985 2985 2986 2986 2987 2987 2985 2984 2983 2981 2980 2979 2977 2976
3017 3016 3010 3001 2992 2983 2974 2965 2956 2946 2937 2928 2924 2925 2925 2926 2926 2927 2927 2928 2928 2929 2932 2937 2942 2948 2953 2959 2964 2969 2975 2980 2979 2971 2963 2955 2947 2939 2930 2922 2914 2906 2905 2910 2914 2919 2924 2929 2934 2938 2943 2948 2952 2955 2958 2961 2964 2967 2969 2972 2975 2978 2980 2979 2979 2979 2979 2979 2979 2979 2978 2978 2978 2979 2979 2980 2980 2981 2981 2982 2982
3009 3006 3000 2991 2982 2973 2964 2955 2946 2936 2927 2918 2914 2914 2915 2915 2916 2916 2917 2917 2918 2918 2922 2930 2937 2945 2953 2960 2968 2976 2983 2991 2989 2979 2968 2957 2947 2936 2925 2915 2904 2893 2890 2895 2900 2905 2910 2915 2920 2925 2930 2935 2939 2943 2947 2951 2955 2959 2963 2967 2971 2975 2977 2976 2975 2975 2974 2973 2972 2971 2970 2970 2970 2973 2975 2977 2979 2981 2984 2986 2988
3000 2996 2990 2981 2972 2963 2954 2945 2936 2926 2917 2908 2904 2904 2905 2905 2906 2906 2906 2907 2907 2907 2913 2923 2932 2942 2952 2962 2972 2982 2992 3002 3000 2987 2973 2960 2947 2933 2920 2907 2893 2880 2876 2881 2886 2891 2896 2901 2906 2911 2916 2921 2926 2931 2937 2942 2947 2952 2957 2962 2967 2973 2974 2973 2971 2970 2968 2967 2965 2964 2962 2961 2962 2966 2970 2974 2978 2982 2986 2990 2994
2990 2989 2985 2976 2968 2959 2951 2942 2934 2925 2917 2908 2904 2904 2904 2904 2905 2905 2905 2905 2905 2906 2911 2921 2932 2942 2953 2963 2973 2984 2994 3005 3003 2990 2976 2962 2949 2935 2922 2908 2895 2881 2877 2881 2886 2890 2894 2899 2903 2908 2912 2917 2921 2926 2931 2936 2941 2946 2951 2955 2960 2965 2967 2966 2965 2964 2963 2961 2960 2959 2958 2957 2959 2964 2969 2974 2979 2984 2990 2995 3000
