data/data_berlin/geo_raster_current_asc/summer_temp_100m_3035.asc
NCOLS 657 
NROWS 570 
XLLCORNER 4521040 
YLLCORNER 3243800 
CELLSIZE 100 
NODATA_value -9999 
[rows 360 to 395 of 570, columns 162 to 242 of 657]
2541 2565 2590 2613 2634 2655 2676 2697 2718 2739 2761 2782 2803 2807 2795 2783 2771 2759 2747 2735 2723 2711 2699 2698 2708 2718 2728 2738 2748 2758 2768 2778 2788 2797 2806 2815 2824 2833 2842 2851 2860 2869 2878 2886 2894 2902 2909 2917 2924 2932 2939 2947 2954 2961 2965 2970 2975 2979 2984 2989 2993 2998 3003 3000 2989 2978 2968 2957 2947 2936 2925 2915 2904 2904 2913 2922 2932 2941 2950 2960 2969
2572 2598 2624 2646 2664 2682 2700 2718 2736 2754 2772 2790 2808 2811 2798 2785 2772 2760 2747 2734 2721 2708 2696 2695 2706 2717 2728 2739 2750 2761 2772 2783 2794 2804 2813 2822 2831 2840 2849 2858 2867 2876 2885 2894 2901 2909 2917 2925 2933 2941 2949 2957 2965 2970 2974 2978 2982 2986 2990 2993 2997 3001 3005 3001 2988 2975 2963 2950 2938 2925 2912 2900 2887 2887 2898 2910 2921 2933 2944 2956 2967
2603 2630 2658 2679 2694 2709 2724 2739 2754 2769 2784 2799 2814 2814 2801 2787 2773 2760 2746 2733 2719 2705 2692 2691 2703 2715 2728 2740 2752 2764 2776 2788 2800 2811 2820 2829 2838 2847 2856 2865 2874 2883 2892 2901 2909 2917 2925 2934 2942 2950 2958 2967 2975 2980 2983 2986 2989 2992 2995 2998 3001 3004 3007 3002 2987 2972 2958 2943 2929 2914 2899 2885 2870 2870 2883 2897 2911 2925 2938 2952 2966
2635 2663 2692 2712 2724 2736 2748 2759 2771 2783 2795 2807 2819 2818 2803 2789 2775 2760 2746 2731 2717 2703 2688 2688 2701 2714 2727 2741 2754 2767 2780 2793 2807 2818 2827 2836 2845 2854 2863 2872 2881 2890 2899 2908 2916 2925 2933 2942 2951 2959 2968 2976 2985 2990 2992 2995 2997 2999 3001 3003 3005 3007 3010 3002 2986 2969 2953 2936 2919 2903 2886 2870 2853 2853 2869 2884 2900 2916 2932 2948 2964
2666 2696 2725 2745 2754 2762 2771 2780 2789 2798 2807 2816 2824 2821 2806 2791 2776 2760 2745 2730 2715 2700 2684 2684 2698 2713 2727 2741 2756 2770 2784 2799 2813 2825 2834 2843 2852 2861 2870 2879 2888 2897 2906 2915 2924 2933 2942 2951 2959 2968 2977 2986 2995 3000 3002 3003 3004 3005 3007 3008 3009 3011 3012 3003 2985 2966 2948 2929 2910 2892 2873 2855 2836 2836 2854 2872 2890 2908 2926 2944 2962
2682 2714 2745 2764 2771 2778 2785 2792 2799 2806 2813 2820 2827 2824 2810 2796 2782 2768 2754 2740 2726 2712 2698 2698 2711 2725 2739 2752 2766 2780 2793 2807 2821 2832 2840 2849 2857 2866 2874 2883 2891 2900 2908 2917 2926 2935 2944 2952 2961 2970 2979 2988 2997 3001 3002 3003 3004 3005 3005 3006 3007 3008 3009 3000 2982 2963 2945 2927 2909 2891 2872 2854 2836 2836 2854 2872 2891 2909 2927 2945 2963
2684 2717 2750 2769 2776 2782 2789 2795 2801 2808 2814 2821 2827 2825 2814 2804 2793 2782 2771 2761 2750 2739 2729 2729 2740 2751 2762 2773 2785 2796 2807 2818 2829 2839 2846 2854 2861 2869 2876 2884 2891 2899 2906 2914 2923 2931 2939 2948 2956 2964 2972 2981 2989 2994 2994 2995 2996 2996 2997 2998 2998 2999 3000 2992 2977 2961 2946 2930 2915 2899 2884 2868 2853 2853 2870 2886 2902 2919 2935 2951 2968
2685 2720 2755 2775 2781 2787 2792 2798 2804 2810 2815 2821 2827 2826 2819 2811 2804 2796 2789 2782 2774 2767 2759 2760 2768 2777 2786 2795 2803 2812 2821 2829 2838 2846 2852 2859 2865 2872 2878 2885 2891 2898 2905 2912 2919 2927 2935 2943 2951 2958 2966 2974 2982 2986 2986 2987 2987 2988 2988 2989 2990 2990 2991 2985 2972 2959 2946 2934 2921 2908 2895 2883 2870 2871 2885 2900 2914 2928 2943 2957 2972
2687 2723 2760 2780 2786 2791 2796 2801 2806 2811 2817 2822 2827 2827 2823 2819 2815 2811 2807 2802 2798 2794 2790 2791 2797 2803 2809 2816 2822 2828 2834 2841 2847 2853 2858 2864 2869 2875 2880 2886 2892 2897 2903 2909 2916 2923 2931 2938 2945 2952 2960 2967 2974 2978 2978 2979 2979 2980 2980 2980 2981 2981 2982 2977 2967 2957 2947 2937 2927 2917 2907 2897 2887 2888 2901 2913 2926 2938 2951 2963 2976
2688 2726 2764 2786 2790 2795 2800 2804 2809 2813 2818 2822 2827 2829 2828 2827 2826 2825 2824 2823 2822 2821 2820 2822 2826 2829 2833 2837 2841 2844 2848 2852 2855 2860 2864 2869 2873 2878 2882 2887 2892 2896 2901 2906 2913 2920 2926 2933 2940 2947 2953 2960 2967 2970 2970 2971 2971 2971 2972 2972 2972 2972 2973 2969 2962 2955 2947 2940 2933 2926 2918 2911 2904 2906 2916 2927 2937 2948 2959 2969 2980
2690 2729 2769 2791 2795 2799 2803 2807 2811 2815 2819 2823 2827 2830 2832 2835 2837 2839 2842 2844 2846 2849 2851 2853 2854 2855 2857 2858 2859 2860 2862 2863 2864 2867 2870 2874 2877 2881 2884 2888 2892 2895 2899 2904 2910 2916 2922 2928 2935 2941 2947 2953 2959 2962 2963 2963 2963 2963 2963 2963 2963 2964 2964 2962 2957 2952 2948 2943 2939 2934 2930 2925 2921 2923 2932 2940 2949 2958 2967 2976 2984
2691 2733 2774 2797 2800 2803 2807 2810 2813 2817 2820 2823 2827 2831 2837 2842 2848 2854 2859 2865 2870 2876 2882 2884 2883 2881 2880 2879 2878 2877 2875 2874 2873 2874 2876 2879 2881 2884 2887 2889 2892 2894 2897 2901 2907 2912 2918 2924 2929 2935 2940 2946 2952 2955 2955 2955 2955 2955 2955 2955 2955 2955 2955 2954 2952 2950 2948 2947 2945 2943 2941 2940 2938 2940 2947 2954 2961 2968 2975 2982 2988
2693 2736 2779 2802 2805 2808 2810 2813 2816 2819 2821 2824 2827 2833 2841 2850 2859 2868 2877 2886 2895 2903 2912 2915 2911 2907 2904 2900 2896 2893 2889 2885 2882 2881 2882 2884 2885 2887 2889 2890 2892 2893 2895 2898 2903 2909 2914 2919 2924 2929 2934 2939 2944 2947 2947 2947 2946 2946 2946 2946 2946 2946 2946 2946 2947 2948 2949 2950 2951 2952 2953 2954 2955 2958 2963 2968 2973 2978 2983 2988 2993
2694 2739 2784 2808 2810 2812 2814 2816 2818 2820 2822 2825 2827 2834 2846 2858 2870 2882 2894 2906 2919 2931 2943 2946 2940 2933 2927 2921 2915 2909 2903 2897 2890 2888 2888 2889 2889 2890 2891 2891 2892 2892 2893 2896 2900 2905 2909 2914 2918 2923 2928 2932 2937 2939 2939 2938 2938 2938 2938 2937 2937 2937 2937 2938 2942 2946 2950 2953 2957 2961 2964 2968 2972 2975 2978 2981 2984 2988 2991 2994 2997
2695 2742 2789 2813 2815 2816 2818 2819 2821 2822 2824 2825 2827 2835 2850 2866 2881 2897 2912 2927 2943 2958 2973 2977 2968 2960 2951 2942 2934 2925 2916 2908 2899 2895 2894 2894 2893 2893 2893 2892 2892 2891 2891 2893 2897 2901 2905 2909 2913 2917 2921 2925 2929 2931 2931 2930 2930 2930 2929 2929 2929 2928 2928 2931 2937 2944 2950 2956 2963 2969 2976 2982 2989 2992 2994 2995 2996 2997 2999 3000 3001
2689 2736 2783 2807 2810 2813 2816 2818 2821 2824 2827 2829 2832 2842 2858 2874 2890 2906 2922 2939 2955 2971 2987 2991 2981 2972 2963 2954 2945 2936 2926 2917 2908 2903 2902 2901 2901 2900 2899 2898 2897 2896 2896 2897 2900 2903 2907 2910 2913 2917 2920 2923 2927 2928 2928 2928 2928 2928 2928 2927 2927 2927 2927 2931 2938 2946 2953 2961 2969 2976 2984 2991 2999 3002 3003 3003 3003 3003 3003 3003 3003
2676 2721 2765 2790 2796 2802 2808 2814 2820 2826 2832 2838 2843 2854 2868 2883 2897 2912 2926 2940 2955 2969 2984 2987 2980 2972 2964 2956 2948 2941 2933 2925 2917 2913 2913 2912 2911 2910 2910 2909 2908 2907 2907 2907 2910 2912 2914 2917 2919 2921 2924 2926 2928 2930 2930 2931 2932 2932 2933 2933 2934 2934 2935 2939 2946 2953 2960 2967 2974 2981 2988 2995 3002 3005 3005 3005 3005 3004 3004 3004 3004
2663 2705 2748 2774 2783 2792 2801 2810 2819 2828 2837 2846 2855 2866 2878 2891 2904 2917 2929 2942 2955 2968 2981 2984 2978 2971 2965 2959 2952 2946 2940 2933 2927 2923 2923 2922 2921 2921 2920 2920 2919 2918 2918 2918 2919 2921 2922 2924 2925 2926 2928 2929 2930 2932 2933 2934 2935 2937 2938 2939 2940 2941 2943 2946 2953 2959 2966 2972 2979 2985 2992 2998 3005 3008 3007 3007 3006 3006 3005 3005 3004
2649 2690 2730 2757 2769 2781 2793 2805 2817 2829 2842 2854 2866 2877 2889 2900 2911 2922 2933 2944 2955 2966 2977 2981 2976 2971 2966 2961 2956 2951 2946 2941 2936 2933 2933 2932 2932 2931 2931 2930 2930 2929 2929 2929 2929 2929 2930 2930 2931 2931 2932 2932 2932 2933 2935 2937 2939 2941 2943 2945 2947 2948 2950 2954 2960 2966 2972 2978 2984 2990 2996 3002 3008 3011 3010 3009 3008 3007 3007 3006 3005
2636 2674 2713 2740 2755 2770 2785 2801 2816 2831 2847 2862 2877 2889 2899 2908 2918 2927 2937 2946 2955 2965 2974 2977 2974 2970 2967 2963 2960 2956 2953 2949 2946 2944 2943 2943 2942 2942 2941 2941 2941 2940 2940 2939 2939 2938 2938 2937 2936 2936 2935 2935 2934 2935 2938 2940 2943 2945 2948 2950 2953 2956 2958 2962 2967 2973 2978 2984 2989 2995 3000 3006 3011 3013 3012 3011 3010 3009 3008 3007 3006
2622 2659 2695 2723 2741 2760 2778 2796 2815 2833 2851 2870 2888 2901 2909 2917 2925 2932 2940 2948 2955 2963 2971 2974 2972 2970 2967 2965 2963 2961 2959 2957 2955 2954 2953 2953 2953 2952 2952 2952 2951 2951 2951 2950 2948 2947 2945 2944 2942 2941 2939 2938 2936 2937 2940 2943 2947 2950 2953 2956 2959 2963 2966 2970 2975 2980 2985 2990 2995 2999 3004 3009 3014 3016 3015 3013 3012 3010 3009 3007 3006
2609 2643 2678 2706 2727 2749 2770 2792 2813 2835 2856 2878 2899 2913 2919 2925 2931 2937 2944 2950 2956 2962 2968 2970 2970 2969 2968 2968 2967 2966 2966 2965 2964 2964 2964 2963 2963 2963 2963 2962 2962 2962 2962 2960 2958 2955 2953 2950 2948 2946 2943 2941 2938 2939 2943 2947 2950 2954 2958 2962 2966 2970 2974 2978 2982 2986 2991 2995 3000 3004 3009 3013 3017 3019 3017 3015 3013 3012 3010 3008 3007
2595 2628 2660 2689 2714 2738 2763 2787 2812 2837 2861 2886 2911 2925 2930 2934 2938 2943 2947 2951 2956 2960 2965 2967 2968 2969 2969 2970 2971 2971 2972 2973 2974 2974 2974 2974 2973 2973 2973 2973 2973 2973 2973 2971 2968 2964 2961 2957 2954 2950 2947 2943 2940 2941 2945 2950 2954 2959 2963 2968 2972 2977 2981 2985 2989 2993 2997 3001 3005 3009 3013 3017 3020 3021 3019 3017 3015 3013 3011 3009 3007
2582 2612 2643 2672 2700 2728 2755 2783 2811 2839 2866 2894 2922 2937 2940 2942 2945 2948 2951 2953 2956 2959 2961 2964 2966 2968 2970 2972 2974 2976 2979 2981 2983 2984 2984 2984 2984 2984 2984 2984 2984 2984 2984 2982 2977 2973 2968 2964 2960 2955 2951 2946 2942 2942 2948 2953 2958 2963 2968 2973 2979 2984 2989 2993 2997 3000 3003 3007 3010 3013 3017 3020 3024 3024 3022 3019 3017 3015 3012 3010 3008
2569 2597 2625 2655 2686 2717 2748 2779 2810 2840 2871 2902 2933 2949 2950 2951 2952 2953 2954 2955 2956 2957 2958 2960 2964 2967 2971 2975 2978 2982 2985 2989 2992 2994 2994 2994 2994 2994 2994 2995 2995 2995 2995 2992 2987 2981 2976 2971 2965 2960 2955 2949 2944 2944 2950 2956 2962 2967 2973 2979 2985 2991 2997 3001 3004 3007 3010 3012 3015 3018 3021 3024 3027 3027 3024 3021 3019 3016 3013 3011 3008
2569 2595 2622 2652 2683 2715 2747 2779 2810 2842 2874 2906 2937 2953 2953 2953 2953 2953 2953 2952 2952 2952 2952 2955 2960 2965 2970 2975 2980 2985 2990 2995 3000 3002 3002 3002 3002 3002 3001 3001 3001 3001 3001 2998 2992 2987 2981 2976 2970 2965 2959 2954 2948 2948 2954 2959 2965 2971 2976 2982 2987 2993 2999 3003 3006 3009 3012 3014 3017 3020 3023 3026 3029 3029 3026 3023 3020 3017 3014 3011 3008
2582 2608 2633 2661 2692 2722 2752 2783 2813 2844 2874 2904 2935 2950 2949 2948 2948 2947 2946 2946 2945 2944 2944 2946 2953 2960 2966 2973 2979 2986 2993 2999 3006 3009 3008 3007 3006 3006 3005 3004 3003 3002 3002 2999 2994 2989 2984 2979 2974 2969 2965 2960 2955 2955 2959 2964 2968 2973 2977 2982 2986 2991 2995 2999 3002 3006 3009 3013 3016 3019 3023 3026 3030 3030 3027 3024 3021 3018 3015 3012 3009
2596 2620 2644 2671 2700 2729 2758 2787 2816 2845 2874 2903 2932 2946 2945 2944 2942 2941 2940 2939 2937 2936 2935 2938 2946 2955 2963 2971 2979 2987 2995 3003 3012 3015 3014 3012 3011 3009 3008 3007 3005 3004 3002 3000 2995 2991 2987 2983 2978 2974 2970 2966 2961 2961 2964 2968 2971 2974 2978 2981 2985 2988 2991 2995 2999 3003 3007 3011 3015 3019 3023 3026 3030 3031 3028 3024 3021 3018 3015 3012 3009
2609 2632 2655 2681 2708 2736 2764 2791 2819 2847 2874 2902 2930 2943 2941 2939 2937 2935 2934 2932 2930 2928 2926 2930 2940 2950 2959 2969 2979 2988 2998 3008 3018 3021 3019 3017 3015 3013 3011 3009 3007 3005 3003 3000 2997 2993 2990 2986 2982 2979 2975 2971 2968 2967 2969 2972 2974 2976 2979 2981 2983 2985 2988 2991 2995 3000 3004 3009 3013 3018 3022 3027 3031 3032 3029 3025 3022 3019 3015 3012 3009
2623 2644 2666 2690 2717 2743 2769 2796 2822 2848 2875 2901 2927 2939 2937 2934 2932 2930 2927 2925 2922 2920 2918 2922 2933 2945 2956 2967 2978 2990 3001 3012 3023 3028 3025 3023 3020 3017 3015 3012 3009 3007 3004 3001 2998 2995 2992 2989 2986 2983 2980 2977 2974 2974 2975 2976 2977 2978 2979 2980 2982 2983 2984 2987 2992 2997 3002 3007 3012 3017 3022 3027 3032 3033 3030 3026 3023 3019 3016 3012 3009
2636 2657 2677 2700 2725 2750 2775 2800 2825 2850 2875 2900 2925 2936 2933 2930 2927 2924 2921 2918 2915 2912 2909 2914 2927 2940 2952 2965 2978 2991 3004 3017 3029 3034 3031 3028 3024 3021 3018 3015 3011 3008 3005 3002 3000 2997 2995 2993 2990 2988 2986 2983 2981 2980 2980 2980 2980 2980 2980 2980 2980 2980 2980 2983 2989 2994 3000 3005 3011 3016 3022 3027 3033 3034 3030 3027 3023 3020 3016 3013 3009
2649 2669 2688 2710 2733 2757 2781 2804 2828 2851 2875 2899 2922 2932 2929 2925 2922 2918 2915 2911 2907 2904 2900 2906 2920 2935 2949 2963 2978 2992 3006 3021 3035 3041 3037 3033 3029 3025 3021 3017 3014 3010 3006 3003 3001 3000 2998 2996 2994 2993 2991 2989 2988 2986 2985 2984 2983 2982 2981 2980 2979 2978 2977 2979 2985 2991 2997 3003 3009 3016 3022 3028 3034 3035 3031 3028 3024 3020 3017 3013 3009
2663 2681 2699 2720 2742 2764 2786 2808 2831 2853 2875 2897 2920 2929 2925 2921 2916 2912 2908 2904 2900 2896 2892 2898 2914 2930 2945 2961 2977 2993 3009 3025 3041 3047 3042 3038 3033 3029 3025 3020 3016 3011 3007 3004 3003 3002 3001 3000 2999 2997 2996 2995 2994 2993 2990 2988 2986 2984 2982 2979 2977 2975 2973 2975 2982 2988 2995 3002 3008 3015 3021 3028 3035 3036 3032 3028 3025 3021 3017 3013 3009
2676 2693 2710 2729 2750 2771 2792 2813 2834 2855 2875 2896 2917 2925 2921 2916 2911 2907 2902 2897 2892 2888 2883 2889 2907 2924 2942 2960 2977 2995 3012 3030 3047 3053 3048 3043 3038 3033 3028 3023 3018 3013 3008 3005 3004 3004 3003 3003 3003 3002 3002 3001 3001 2999 2996 2992 2989 2986 2982 2979 2976 2972 2969 2971 2978 2985 2993 3000 3007 3014 3021 3028 3036 3037 3033 3029 3025 3021 3017 3014 3010
2690 2706 2721 2739 2758 2778 2798 2817 2837 2856 2876 2895 2915 2922 2917 2911 2906 2901 2895 2890 2885 2880 2874 2881 2900 2919 2939 2958 2977 2996 3015 3034 3053 3060 3054 3048 3043 3037 3031 3025 3020 3014 3008 3006 3006 3006 3006 3006 3007 3007 3007 3007 3007 3005 3001 2996 2992 2988 2983 2979 2974 2970 2965 2967 2975 2983 2990 2998 3006 3013 3021 3029 3036 3038 3034 3030 3026 3022 3018 3014 3010
2701 2715 2730 2746 2764 2782 2800 2817 2835 2853 2871 2889 2907 2913 2908 2904 2899 2894 2889 2884 2879 2875 2870 2877 2897 2917 2937 2957 2977 2996 3016 3036 3056 3063 3057 3051 3045 3040 3034 3028 3022 3016 3010 3008 3008 3008 3008 3009 3009 3009 3009 3010 3010 3008 3003 2998 2993 2988 2983 2978 2974 2969 2964 2965 2972 2979 2987 2994 3001 3008 3015 3022 3030 3031 3026 3020 3015 3010 3005 3000 2995
