data/data_berlin/geo_raster_current_asc/summer_temp_100m_3035.asc
NCOLS 657 
NROWS 570 
XLLCORNER 4521040 
YLLCORNER 3243800 
CELLSIZE 100 
NODATA_value -9999 
[rows 144 to 179 of 570, columns 243 to 323 of 657]
2911 2904 -9999 -9999 -9999 -9999 -9999 -9999 -9999 -9999 -9999 -9999 -9999 -9999 -9999 -9999 -9999 -9999 -9999 -9999 -9999 -9999 -9999 -9999 -9999 -9999 -9999 -9999 -9999 -9999 -9999 -9999 -9999 -9999 -9999 -9999 -9999 3035 3035 3035 3035 3035 3028 3013 2999 2984 2970 2955 2940 2926 2911 2896 2890 2892 2895 2897 2899 2901 2903 2905 2908 2910 2906 2895 2885 2874 2864 2854 2843 2833 2822 2812 2822 2854 2885 2916 2947 2978 3010 3041 3072
3032 3040 3042 3039 3036 3032 3029 3026 3023 3020 3017 3014 -9999 -9999 -9999 -9999 -9999 -9999 -9999 -9999 -9999 -9999 -9999 -9999 -9999 -9999 -9999 -9999 -9999 -9999 -9999 -9999 2957 2966 2974 2982 2990 2998 3007 3015 3023 3031 3028 3014 2999 2985 2970 2956 2942 2927 2913 2898 2892 2894 2896 2899 2901 2903 2905 2907 2910 2912 2908 2897 2887 2876 2866 2856 2845 2835 2825 2814 2824 2855 2886 2916 2947 2977 3008 3039 3069
3032 3040 3042 3039 3036 3032 3029 3026 3023 3020 3017 3014 -9999 -9999 -9999 -9999 -9999 -9999 -9999 -9999 -9999 -9999 -9999 -9999 -9999 -9999 -9999 -9999 -9999 -9999 -9999 -9999 2957 2966 2974 2982 2990 2999 3007 3015 3023 3031 3029 3015 3001 2987 2973 2959 2945 2931 2917 2903 2897 2900 2902 2905 2907 2910 2912 2915 2917 2920 2917 2909 2900 2892 2883 2875 2867 2858 2850 2841 2851 2877 2904 2930 2957 2983 3010 3036 3063
3032 3040 3042 3039 3036 3032 3029 3026 3023 3020 3017 3014 -9999 -9999 -9999 -9999 -9999 -9999 -9999 -9999 -9999 -9999 -9999 -9999 -9999 -9999 -9999 -9999 -9999 -9999 -9999 -9999 2957 2966 2974 2982 2990 2999 3007 3015 3023 3032 3029 3016 3002 2989 2975 2961 2948 2934 2921 2907 2902 2905 2908 2911 2914 2917 2920 2922 2925 2928 2927 2920 2914 2907 2901 2894 2888 2882 2875 2869 2877 2899 2922 2944 2967 2989 3012 3034 3057
3032 3040 3042 3039 3036 3032 3029 3026 3023 3020 3017 3014 -9999 -9999 -9999 -9999 -9999 -9999 -9999 -9999 -9999 -9999 -9999 -9999 -9999 -9999 -9999 -9999 -9999 -9999 -9999 -9999 2957 2966 2974 2982 2991 2999 3007 3015 3024 3032 3029 3016 3003 2990 2977 2964 2951 2938 2925 2912 2907 2910 2914 2917 2920 2924 2927 2930 2933 2937 2936 2932 2927 2923 2918 2914 2909 2905 2900 2896 2903 2922 2940 2958 2977 2995 3014 3032 3051
3032 3040 3042 3039 3036 3032 3029 3026 3023 3020 3017 3014 -9999 -9999 -9999 -9999 -9999 -9999 -9999 -9999 -9999 -9999 -9999 -9999 -9999 -9999 -9999 -9999 -9999 -9999 -9999 -9999 2957 2966 2974 2982 2991 2999 3007 3015 3024 3032 3030 3017 3005 2992 2980 2967 2954 2942 2929 2917 2912 2916 2920 2923 2927 2930 2934 2938 2941 2945 2945 2943 2941 2938 2936 2933 2931 2928 2926 2923 2929 2944 2958 2972 2987 3001 3016 3030 3044
3032 3040 3042 3039 3036 3032 3029 3026 3023 3020 3017 3014 3012 3012 3012 3012 3012 -9999 -9999 -9999 -9999 -9999 -9999 -9999 -9999 -9999 -9999 2953 2953 2953 2953 2953 2957 2966 2974 2982 2991 2999 3007 3016 3024 3032 3030 3018 3006 2994 2982 2970 2958 2946 2933 2921 2917 2921 2925 2929 2933 2937 2941 2945 2949 2953 2955 2954 2954 2953 2953 2953 2952 2952 2951 2951 2956 2966 2976 2987 2997 3007 3018 3028 3038
3032 3040 3042 3039 3036 3032 3029 3026 3023 3020 3017 3014 3012 3012 3012 3012 3012 -9999 -9999 -9999 -9999 -9999 -9999 -9999 -9999 -9999 -9999 2953 2953 2953 2953 2953 2958 2966 2974 2982 2991 2999 3007 3016 3024 3032 3031 3019 3007 2996 2984 2973 2961 2949 2938 2926 2922 2927 2931 2935 2940 2944 2948 2953 2957 2961 2964 2966 2967 2969 2970 2972 2973 2975 2976 2978 2982 2988 2994 3001 3007 3013 3019 3026 3032
3032 3040 3042 3039 3036 3032 3029 3026 3023 3020 3017 3014 3012 3012 3012 3012 3012 -9999 -9999 -9999 -9999 -9999 -9999 -9999 -9999 -9999 -9999 2953 2953 2953 2953 2953 2958 2966 2974 2983 2991 2999 3007 3016 3024 3032 3031 3020 3009 2998 2986 2975 2964 2953 2942 2931 2927 2932 2937 2942 2946 2951 2956 2960 2965 2970 2974 2977 2981 2984 2988 2991 2995 2998 3002 3005 3008 3010 3013 3015 3017 3019 3021 3024 3026
3031 3040 3042 3039 3036 3032 3029 3026 3023 3020 3017 3014 3012 3012 3012 3012 3012 -9999 -9999 -9999 -9999 -9999 -9999 -9999 -9999 -9999 -9999 2953 2953 2953 2953 2953 2958 2966 2974 2983 2991 2999 3008 3016 3024 3033 3031 3021 3010 2999 2989 2978 2967 2957 2946 2935 2932 2938 2943 2948 2953 2958 2963 2968 2973 2978 2983 2989 2994 3000 3005 3011 3016 3022 3027 3033 3034 3033 3031 3029 3027 3025 3023 3021 3020
3031 3039 3042 3039 3036 3032 3029 3026 3023 3020 3017 3014 3012 3012 3012 3012 3012 -9999 -9999 -9999 -9999 -9999 -9999 -9999 -9999 -9999 -9999 2953 2953 2953 2953 2953 2958 2966 2974 2983 2991 2999 3008 3016 3024 3033 3032 3022 3011 3001 2991 2981 2971 2960 2950 2940 2938 2943 2948 2954 2959 2965 2970 2975 2981 2986 2993 3000 3008 3015 3023 3030 3037 3045 3052 3060 3061 3055 3049 3043 3037 3031 3025 3019 3013
3028 3037 3039 3036 3033 3030 3027 3024 3021 3017 3014 3011 3013 3021 3028 3035 3043 3050 3058 3065 3072 3080 3077 3065 3052 3040 3028 3015 3003 2991 2978 2966 2964 2971 2979 2987 2995 3003 3011 3019 3027 3035 3034 3024 3015 3006 2996 2987 2977 2968 2958 2949 2947 2952 2958 2963 2969 2974 2980 2985 2990 2996 3003 3011 3019 3027 3035 3042 3050 3058 3066 3074 3074 3067 3059 3051 3043 3035 3028 3020 3012
3023 3031 3034 3031 3028 3025 3022 3019 3016 3013 3009 3006 3009 3017 3024 3032 3040 3048 3056 3064 3072 3080 3078 3067 3056 3044 3033 3022 3011 3000 2989 2978 2976 2983 2990 2997 3004 3011 3017 3024 3031 3038 3038 3029 3021 3012 3004 2995 2987 2979 2970 2962 2960 2965 2970 2976 2981 2986 2991 2997 3002 3007 3013 3020 3027 3034 3041 3048 3055 3062 3069 3076 3076 3068 3061 3053 3046 3038 3031 3023 3016
3017 3026 3029 3026 3023 3020 3017 3014 3011 3008 3005 3002 3004 3013 3021 3029 3038 3046 3054 3063 3071 3079 3079 3069 3059 3049 3039 3029 3019 3009 2999 2990 2988 2994 3000 3006 3012 3018 3024 3030 3036 3042 3041 3034 3027 3019 3012 3004 2997 2989 2982 2975 2973 2978 2983 2988 2993 2998 3003 3008 3013 3018 3023 3029 3035 3041 3047 3053 3059 3065 3071 3077 3077 3070 3062 3055 3048 3041 3034 3027 3019
3011 3021 3024 3021 3018 3015 3012 3009 3006 3003 3000 2997 3000 3008 3017 3026 3035 3044 3053 3061 3070 3079 3079 3071 3062 3053 3045 3036 3027 3019 3010 3001 3000 3005 3010 3015 3020 3025 3030 3036 3041 3046 3045 3039 3032 3026 3020 3013 3007 3000 2994 2988 2987 2991 2996 3001 3005 3010 3015 3020 3024 3029 3034 3039 3044 3049 3054 3059 3064 3069 3074 3079 3078 3071 3064 3057 3051 3044 3037 3030 3023
3005 3015 3019 3016 3013 3010 3007 3004 3001 2998 2995 2992 2995 3004 3014 3023 3032 3042 3051 3060 3070 3079 3080 3072 3065 3058 3050 3043 3035 3028 3021 3013 3012 3016 3020 3024 3028 3033 3037 3041 3045 3050 3049 3044 3038 3033 3027 3022 3017 3011 3006 3000 3000 3004 3009 3013 3018 3022 3027 3031 3036 3040 3044 3048 3052 3056 3060 3064 3068 3072 3076 3081 3079 3073 3066 3060 3053 3046 3040 3033 3027
2999 3010 3014 3011 3008 3005 3002 2999 2996 2993 2990 2987 2991 3000 3010 3020 3030 3039 3049 3059 3069 3079 3080 3074 3068 3062 3056 3050 3044 3037 3031 3025 3024 3027 3030 3034 3037 3040 3043 3047 3050 3053 3053 3048 3044 3040 3035 3031 3026 3022 3018 3013 3013 3017 3022 3026 3030 3034 3038 3043 3047 3051 3055 3058 3061 3064 3067 3070 3073 3076 3079 3082 3080 3074 3068 3062 3055 3049 3043 3037 3031
2993 3005 3009 3006 3003 3000 2997 2994 2991 2988 2985 2982 2986 2996 3007 3017 3027 3037 3048 3058 3068 3078 3081 3076 3071 3066 3061 3057 3052 3047 3042 3037 3036 3038 3040 3043 3045 3047 3050 3052 3055 3057 3056 3053 3050 3046 3043 3040 3036 3033 3030 3026 3027 3031 3035 3038 3042 3046 3050 3054 3058 3062 3065 3067 3069 3071 3073 3075 3077 3080 3082 3084 3082 3076 3070 3064 3058 3052 3046 3040 3034
2988 2999 3004 3001 2998 2995 2992 2989 2986 2983 2981 2978 2981 2992 3003 3014 3024 3035 3046 3057 3067 3078 3082 3078 3074 3071 3067 3063 3060 3056 3053 3049 3048 3049 3051 3052 3053 3055 3056 3058 3059 3061 3060 3058 3055 3053 3051 3049 3046 3044 3042 3039 3040 3044 3047 3051 3055 3058 3062 3066 3069 3073 3076 3077 3078 3079 3080 3081 3082 3083 3084 3085 3083 3077 3072 3066 3060 3055 3049 3043 3038
2982 2994 2999 2996 2993 2990 2987 2984 2981 2979 2976 2973 2977 2988 2999 3011 3022 3033 3044 3055 3067 3078 3082 3080 3077 3075 3073 3070 3068 3066 3063 3061 3060 3060 3061 3061 3062 3062 3063 3063 3064 3064 3064 3063 3061 3060 3059 3057 3056 3055 3053 3052 3053 3057 3060 3064 3067 3070 3074 3077 3081 3084 3086 3086 3086 3086 3086 3086 3086 3087 3087 3087 3084 3079 3073 3068 3063 3057 3052 3047 3042
2976 2989 2994 2991 2988 2985 2982 2979 2977 2974 2971 2968 2972 2984 2996 3007 3019 3031 3043 3054 3066 3078 3083 3082 3081 3079 3078 3077 3076 3075 3074 3073 3072 3071 3071 3071 3070 3070 3069 3069 3068 3068 3068 3067 3067 3067 3067 3066 3066 3066 3065 3065 3067 3070 3073 3076 3079 3082 3086 3089 3092 3095 3096 3095 3095 3094 3093 3092 3091 3090 3089 3088 3085 3080 3075 3070 3065 3060 3055 3050 3045
2970 2982 2986 2984 2982 2980 2977 2975 2973 2970 2968 2966 2970 2982 2994 3005 3017 3028 3040 3052 3063 3075 3081 3081 3080 3080 3080 3080 3080 3080 3080 3079 3079 3078 3076 3075 3074 3073 3072 3070 3069 3068 3068 3068 3069 3069 3069 3070 3070 3071 3071 3072 3073 3076 3079 3082 3084 3087 3090 3093 3096 3098 3099 3098 3097 3096 3094 3093 3092 3091 3090 3089 3086 3081 3076 3072 3067 3062 3057 3053 3048
2964 2973 2977 2976 2974 2973 2972 2971 2969 2968 2967 2966 2971 2982 2993 3004 3015 3026 3037 3048 3059 3070 3076 3077 3077 3078 3078 3079 3079 3080 3081 3081 3081 3079 3077 3075 3073 3072 3070 3068 3066 3065 3064 3065 3066 3067 3067 3068 3069 3070 3071 3072 3073 3075 3078 3080 3082 3085 3087 3089 3091 3094 3094 3094 3093 3092 3091 3091 3090 3089 3089 3088 3085 3081 3076 3072 3067 3063 3058 3054 3050
2957 2964 2967 2967 2967 2967 2967 2966 2966 2966 2966 2966 2971 2981 2992 3002 3013 3023 3034 3044 3055 3065 3071 3072 3074 3075 3076 3078 3079 3080 3082 3083 3082 3080 3078 3075 3073 3071 3068 3066 3063 3061 3061 3062 3063 3064 3065 3067 3068 3069 3070 3072 3073 3075 3077 3078 3080 3082 3084 3085 3087 3089 3090 3089 3089 3089 3088 3088 3088 3088 3087 3087 3085 3081 3076 3072 3068 3064 3060 3055 3051
2951 2955 2958 2959 2959 2960 2961 2962 2963 2964 2965 2966 2971 2981 2991 3001 3011 3021 3031 3041 3050 3060 3066 3068 3070 3072 3074 3076 3078 3080 3082 3085 3084 3081 3078 3075 3072 3069 3066 3064 3061 3058 3057 3059 3060 3062 3063 3065 3067 3068 3070 3072 3073 3074 3075 3077 3078 3079 3080 3082 3083 3084 3085 3085 3085 3085 3085 3086 3086 3086 3086 3086 3084 3080 3076 3072 3069 3065 3061 3057 3053
2945 2946 2948 2950 2952 2954 2956 2958 2960 2962 2964 2966 2972 2981 2990 3000 3009 3018 3027 3037 3046 3055 3061 3064 3067 3070 3072 3075 3078 3081 3083 3086 3086 3082 3079 3075 3072 3068 3065 3061 3058 3054 3053 3055 3057 3059 3061 3063 3066 3068 3070 3072 3073 3074 3074 3075 3076 3077 3077 3078 3079 3079 3080 3081 3081 3082 3082 3083 3084 3084 3085 3085 3084 3080 3076 3073 3069 3066 3062 3058 3055
2938 2937 2938 2942 2945 2948 2951 2954 2957 2960 2963 2966 2972 2981 2989 2998 3007 3016 3024 3033 3042 3050 3057 3060 3064 3067 3071 3074 3077 3081 3084 3088 3088 3084 3079 3075 3071 3067 3063 3059 3055 3051 3050 3052 3055 3057 3059 3062 3064 3067 3069 3072 3073 3073 3073 3074 3074 3074 3074 3074 3075 3075 3075 3076 3077 3078 3079 3080 3081 3082 3083 3084 3083 3080 3076 3073 3070 3066 3063 3060 3056
2932 2929 2929 2933 2937 2941 2945 2950 2954 2958 2962 2966 2972 2980 2989 2997 3005 3013 3021 3029 3037 3046 3052 3056 3060 3064 3069 3073 3077 3081 3085 3090 3089 3085 3080 3075 3071 3066 3061 3057 3052 3047 3046 3049 3052 3055 3057 3060 3063 3066 3069 3072 3073 3073 3072 3072 3072 3071 3071 3071 3070 3070 3071 3072 3073 3075 3076 3078 3079 3081 3082 3084 3083 3080 3077 3073 3070 3067 3064 3061 3058
2926 2920 2919 2924 2930 2935 2940 2945 2951 2956 2961 2966 2973 2980 2988 2995 3003 3010 3018 3026 3033 3041 3047 3052 3057 3062 3067 3072 3077 3081 3086 3091 3091 3086 3081 3075 3070 3065 3060 3054 3049 3044 3043 3046 3049 3052 3056 3059 3062 3065 3068 3072 3073 3072 3071 3070 3069 3069 3068 3067 3066 3065 3066 3068 3070 3071 3073 3075 3077 3079 3081 3083 3082 3079 3077 3074 3071 3068 3065 3062 3060
2920 2911 2910 2916 2922 2929 2935 2941 2947 2954 2960 2966 2973 2980 2987 2994 3001 3008 3015 3022 3029 3036 3042 3048 3053 3059 3065 3070 3076 3082 3087 3093 3093 3087 3081 3075 3070 3064 3058 3052 3046 3040 3039 3043 3046 3050 3054 3057 3061 3064 3068 3072 3073 3071 3070 3069 3067 3066 3065 3063 3062 3061 3061 3063 3066 3068 3070 3073 3075 3077 3080 3082 3082 3079 3077 3074 3072 3069 3066 3064 3061
2913 2902 2900 2907 2915 2922 2930 2937 2944 2952 2959 2966 2973 2980 2986 2992 2999 3005 3012 3018 3024 3031 3037 3044 3050 3056 3063 3069 3076 3082 3088 3095 3095 3088 3082 3075 3069 3062 3056 3050 3043 3037 3036 3040 3044 3048 3052 3056 3060 3064 3068 3072 3073 3071 3069 3067 3065 3063 3061 3060 3058 3056 3056 3059 3062 3065 3067 3070 3073 3076 3078 3081 3081 3079 3077 3074 3072 3070 3068 3065 3063
2911 2899 2897 2905 2913 2921 2929 2937 2945 2953 2961 2969 2976 2982 2988 2994 3000 3006 3012 3018 3024 3029 3036 3042 3048 3054 3061 3067 3073 3080 3086 3092 3092 3086 3080 3073 3067 3061 3055 3048 3042 3036 3035 3039 3043 3047 3051 3055 3059 3063 3067 3071 3072 3070 3068 3066 3063 3061 3059 3057 3055 3053 3053 3056 3059 3062 3065 3068 3070 3073 3076 3079 3080 3078 3076 3074 3072 3070 3068 3066 3064
2914 2902 2900 2908 2917 2925 2933 2941 2950 2958 2966 2974 2981 2987 2993 2998 3004 3009 3015 3021 3026 3032 3037 3043 3048 3053 3059 3064 3069 3075 3080 3085 3085 3080 3075 3069 3064 3059 3054 3048 3043 3038 3037 3041 3044 3048 3052 3055 3059 3062 3066 3070 3071 3068 3066 3064 3062 3060 3058 3056 3053 3051 3052 3054 3057 3060 3062 3065 3068 3071 3073 3076 3077 3075 3073 3072 3070 3069 3067 3066 3064
2916 2905 2903 2912 2920 2929 2937 2946 2954 2963 2971 2980 2987 2992 2997 3002 3008 3013 3018 3023 3029 3034 3039 3043 3048 3052 3056 3061 3065 3070 3074 3078 3078 3074 3070 3066 3061 3057 3053 3048 3044 3040 3039 3042 3046 3049 3052 3056 3059 3062 3065 3069 3069 3067 3065 3063 3061 3058 3056 3054 3052 3050 3050 3053 3055 3058 3060 3063 3065 3068 3070 3073 3074 3072 3071 3070 3069 3068 3067 3065 3064
2918 2907 2906 2915 2924 2933 2941 2950 2959 2967 2976 2985 2992 2997 3002 3007 3012 3016 3021 3026 3031 3036 3040 3044 3047 3051 3054 3058 3061 3065 3068 3072 3072 3068 3065 3062 3058 3055 3052 3048 3045 3042 3041 3044 3047 3050 3053 3056 3059 3062 3065 3067 3068 3066 3063 3061 3059 3057 3055 3053 3051 3048 3049 3051 3053 3056 3058 3060 3063 3065 3068 3070 3071 3070 3069 3068 3068 3067 3066 3065 3064
2920 2910 2910 2919 2928 2936 2945 2954 2963 2972 2981 2990 2997 3002 3006 3011 3015 3020 3025 3029 3034 3038 3042 3045 3047 3050 3052 3055 3057 3060 3062 3065 3065 3062 3060 3058 3055 3053 3051 3048 3046 3043 3044 3046 3049 3051 3054 3056 3059 3061 3064 3066 3066 3064 3062 3060 3058 3056 3053 3051 3049 3047 3047 3049 3051 3054 3056 3058 3060 3062 3065 3067 3068 3067 3067 3067 3066 3066 3065 3065 3065
