data/data_berlin/geo_raster_current_asc/summer_temp_100m_3035.asc
NCOLS 657 
NROWS 570 
XLLCORNER 4521040 
YLLCORNER 3243800 
CELLSIZE 100 
NODATA_value -9999 
[rows 360 to 395 of 570, columns 486 to 566 of 657]
2247 2265 2282 2300 2318 2336 2353 2371 2389 2422 2472 2521 2571 2620 2670 2719 2769 2818 2867 2898 2910 2922 2934 2947 2959 2971 2983 2995 3007 3009 3002 2996 2989 2982 2975 2968 2961 2954 2947 2934 2916 2897 2879 2861 2842 2824 2805 2787 2769 2763 2771 2779 2787 2795 2803 2811 2819 2827 2835 2838 2834 2830 2826 2823 2819 2815 2812 2808 2804 -9999 -9999 -9999 -9999 -9999 -9999 -9999 -9999 -9999 -9999 -9999 -9999
2263 2283 2302 2322 2341 2361 2380 2400 2419 2451 2496 2541 2585 2630 2675 2719 2764 2809 2853 2882 2895 2909 2922 2935 2948 2962 2975 2988 3001 3005 3000 2995 2989 2984 2979 2974 2969 2963 2958 2946 2927 2908 2889 2870 2851 2831 2812 2793 2774 2769 2777 2785 2793 2801 2810 2818 2826 2834 2842 2844 2840 2835 2831 2827 2822 2818 2814 2809 2805 -9999 -9999 -9999 -9999 -9999 -9999 -9999 -9999 -9999 -9999 -9999 -9999
2279 2301 2322 2343 2365 2386 2407 2429 2450 2480 2520 2560 2600 2640 2680 2720 2759 2799 2839 2866 2881 2895 2909 2924 2938 2952 2967 2981 2995 3001 2997 2994 2990 2987 2983 2980 2976 2973 2969 2958 2938 2918 2898 2879 2859 2839 2819 2799 2780 2774 2782 2791 2799 2807 2816 2824 2833 2841 2849 2851 2846 2841 2836 2831 2826 2820 2815 2810 2805 -9999 -9999 -9999 -9999 -9999 -9999 -9999 -9999 -9999 -9999 -9999 -9999
2296 2319 2342 2365 2388 2411 2434 2457 2480 2509 2545 2580 2615 2650 2685 2720 2755 2790 2825 2850 2866 2881 2897 2912 2928 2943 2959 2974 2990 2997 2995 2993 2991 2990 2988 2986 2984 2982 2981 2970 2949 2929 2908 2888 2867 2847 2826 2806 2785 2779 2788 2796 2805 2814 2822 2831 2839 2848 2856 2858 2852 2846 2840 2835 2829 2823 2817 2811 2805 -9999 -9999 -9999 -9999 -9999 -9999 -9999 -9999 -9999 -9999 -9999 -9999
2312 2337 2362 2386 2411 2436 2461 2486 2511 2539 2569 2599 2629 2659 2690 2720 2750 2780 2811 2834 2851 2867 2884 2901 2917 2934 2951 2967 2984 2992 2992 2992 2992 2992 2992 2992 2992 2992 2992 2981 2960 2939 2918 2897 2875 2854 2833 2812 2791 2784 2793 2802 2811 2820 2828 2837 2846 2855 2863 2865 2858 2852 2845 2838 2832 2825 2819 2812 2806 -9999 -9999 -9999 -9999 -9999 -9999 -9999 -9999 -9999 -9999 -9999 -9999
2343 2368 2394 2419 2444 2470 2495 2521 2546 2572 2598 2624 2650 2676 2702 2728 2753 2779 2805 2826 2843 2860 2876 2893 2909 2926 2942 2959 2975 2984 2984 2985 2986 2986 2987 2987 2988 2988 2989 2978 2957 2935 2913 2891 2870 2848 2826 2804 2783 2777 2787 2797 2807 2817 2827 2837 2846 2856 2866 2871 2871 2871 2871 2871 -9999 -9999 -9999 -9999 -9999 -9999 -9999 -9999 -9999 -9999 -9999 -9999 -9999 -9999 -9999 -9999 -9999
2388 2413 2438 2463 2487 2512 2537 2562 2586 2610 2632 2654 2676 2698 2720 2742 2765 2787 2809 2827 2842 2858 2873 2888 2903 2918 2933 2948 2963 2971 2971 2971 2971 2971 2971 2971 2971 2971 2971 2960 2938 2916 2894 2872 2850 2827 2805 2783 2761 2756 2768 2780 2792 2805 2817 2829 2841 2853 2865 2871 2871 2871 2871 2871 -9999 -9999 -9999 -9999 -9999 -9999 -9999 -9999 -9999 -9999 -9999 -9999 -9999 -9999 -9999 -9999 -9999
2434 2458 2482 2506 2530 2554 2578 2603 2627 2648 2666 2684 2703 2721 2739 2757 2776 2794 2812 2828 2842 2856 2869 2883 2897 2910 2924 2938 2952 2958 2958 2957 2957 2956 2956 2955 2955 2954 2954 2942 2920 2897 2875 2852 2830 2807 2784 2762 2739 2735 2749 2764 2778 2793 2807 2821 2836 2850 2864 2871 2871 2871 2871 2871 -9999 -9999 -9999 -9999 -9999 -9999 -9999 -9999 -9999 -9999 -9999 -9999 -9999 -9999 -9999 -9999 -9999
2480 2503 2526 2550 2573 2597 2620 2643 2667 2686 2700 2715 2729 2743 2758 2772 2787 2801 2815 2829 2841 2853 2866 2878 2890 2903 2915 2927 2940 2945 2944 2943 2942 2941 2940 2939 2938 2937 2936 2924 2901 2878 2855 2832 2809 2787 2764 2741 2718 2714 2731 2747 2764 2781 2797 2814 2830 2847 2863 2871 2871 2871 2871 2871 -9999 -9999 -9999 -9999 -9999 -9999 -9999 -9999 -9999 -9999 -9999 -9999 -9999 -9999 -9999 -9999 -9999
2525 2548 2571 2593 2616 2639 2661 2684 2707 2724 2734 2745 2755 2766 2777 2787 2798 2808 2819 2830 2841 2851 2862 2873 2884 2895 2906 2917 2928 2932 2931 2929 2928 2926 2925 2923 2922 2920 2919 2906 2883 2860 2836 2813 2789 2766 2743 2719 2696 2694 2712 2731 2750 2768 2787 2806 2825 2843 2862 2871 2871 2871 2871 2871 -9999 -9999 -9999 -9999 -9999 -9999 -9999 -9999 -9999 -9999 -9999 -9999 -9999 -9999 -9999 -9999 -9999
2571 2593 2615 2637 2659 2681 2703 2725 2747 2761 2768 2775 2782 2789 2795 2802 2809 2816 2822 2830 2840 2849 2859 2868 2878 2887 2897 2906 2916 2920 2918 2916 2914 2911 2909 2907 2905 2903 2901 2888 2865 2841 2817 2793 2769 2746 2722 2698 2674 2673 2694 2715 2736 2756 2777 2798 2819 2840 2861 -9999 -9999 -9999 -9999 -9999 -9999 -9999 -9999 -9999 -9999 -9999 -9999 -9999 -9999 -9999 -9999 -9999 -9999 -9999 -9999 -9999 -9999
2616 2638 2659 2680 2702 2723 2745 2766 2787 2799 2802 2805 2808 2811 2814 2817 2820 2823 2826 2831 2839 2847 2855 2864 2872 2880 2888 2896 2904 2907 2904 2902 2899 2897 2894 2891 2889 2886 2884 2870 2846 2822 2798 2774 2749 2725 2701 2677 2653 2652 2675 2698 2721 2744 2768 2791 2814 2837 2860 -9999 -9999 -9999 -9999 -9999 -9999 -9999 -9999 -9999 -9999 -9999 -9999 -9999 -9999 -9999 -9999 -9999 -9999 -9999 -9999 -9999 -9999
2662 2683 2703 2724 2745 2765 2786 2807 2827 2837 2836 2835 2835 2834 2833 2832 2831 2830 2829 2832 2839 2845 2852 2859 2865 2872 2879 2885 2892 2894 2891 2888 2885 2882 2879 2875 2872 2869 2866 2852 2828 2803 2779 2754 2729 2705 2680 2656 2631 2631 2657 2682 2707 2732 2758 2783 2808 2834 2859 -9999 -9999 -9999 -9999 -9999 -9999 -9999 -9999 -9999 -9999 -9999 -9999 -9999 -9999 -9999 -9999 -9999 -9999 -9999 -9999 -9999 -9999
2708 2728 2748 2768 2788 2808 2828 2848 2868 2875 2870 2866 2861 2856 2851 2847 2842 2837 2832 2833 2838 2843 2849 2854 2859 2864 2870 2875 2880 2881 2877 2874 2870 2867 2863 2860 2856 2852 2849 2834 2809 2784 2759 2734 2709 2684 2659 2634 2609 2611 2638 2665 2693 2720 2748 2775 2803 2830 2858 -9999 -9999 -9999 -9999 -9999 -9999 -9999 -9999 -9999 -9999 -9999 -9999 -9999 -9999 -9999 -9999 -9999 -9999 -9999 -9999 -9999 -9999
2753 2773 2792 2811 2831 2850 2869 2888 2908 2913 2904 2896 2887 2879 2870 2862 2853 2844 2836 2834 2837 2841 2845 2849 2853 2857 2861 2864 2868 2868 2864 2860 2856 2852 2848 2844 2839 2835 2831 2816 2791 2766 2740 2715 2689 2664 2639 2613 2588 2590 2619 2649 2679 2708 2738 2768 2797 2827 2857 -9999 -9999 -9999 -9999 -9999 -9999 -9999 -9999 -9999 -9999 -9999 -9999 -9999 -9999 -9999 -9999 -9999 -9999 -9999 -9999 -9999 -9999
2788 2806 2824 2842 2859 2877 2895 2913 2931 2934 2924 2913 2902 2891 2880 2869 2858 2847 2836 2832 2835 2838 2841 2844 2847 2850 2853 2856 2859 2859 2855 2851 2847 2842 2838 2834 2830 2826 2822 2808 2785 2761 2738 2714 2691 2667 2644 2620 2597 2608 2653 2699 2744 2790 2835 2881 2926 2972 3017 -9999 -9999 -9999 -9999 -9999 -9999 -9999 -9999 -9999 -9999 -9999 -9999 -9999 -9999 -9999 -9999 -9999 -9999 -9999 -9999 -9999 -9999
2811 2827 2843 2859 2874 2890 2906 2922 2937 2939 2928 2916 2904 2892 2880 2868 2856 2844 2832 2828 2831 2834 2836 2839 2842 2845 2848 2850 2853 2853 2849 2846 2842 2839 2835 2832 2828 2825 2821 2810 2791 2771 2752 2733 2713 2694 2675 2656 2636 2647 2689 2730 2771 2813 2854 2895 2937 2978 3019 -9999 -9999 -9999 -9999 -9999 -9999 -9999 -9999 -9999 -9999 -9999 -9999 -9999 -9999 -9999 -9999 -9999 -9999 -9999 -9999 -9999 -9999
2835 2848 2862 2876 2889 2903 2917 2930 2944 2944 2932 2919 2906 2893 2880 2867 2855 2842 2829 2824 2826 2829 2832 2834 2837 2839 2842 2845 2847 2847 2844 2841 2838 2835 2832 2829 2826 2823 2821 2812 2796 2781 2766 2751 2736 2721 2706 2691 2676 2687 2724 2761 2798 2836 2873 2910 2947 2984 3021 -9999 -9999 -9999 -9999 -9999 -9999 -9999 -9999 -9999 -9999 -9999 -9999 -9999 -9999 -9999 -9999 -9999 -9999 -9999 -9999 -9999 -9999
2858 2870 2881 2893 2904 2916 2927 2939 2950 2949 2936 2922 2908 2894 2881 2867 2853 2839 2826 2820 2822 2825 2827 2829 2832 2834 2836 2839 2841 2841 2839 2836 2834 2832 2829 2827 2824 2822 2820 2813 2802 2791 2781 2770 2759 2748 2737 2726 2716 2727 2760 2793 2826 2859 2892 2925 2958 2991 3023 -9999 -9999 -9999 -9999 -9999 -9999 -9999 -9999 -9999 -9999 -9999 -9999 -9999 -9999 -9999 -9999 -9999 -9999 -9999 -9999 -9999 -9999
2881 2891 2900 2910 2919 2929 2938 2947 2957 2954 2940 2925 2910 2896 2881 2866 2852 2837 2822 2816 2818 2820 2822 2824 2826 2829 2831 2833 2835 2835 2833 2832 2830 2828 2826 2824 2823 2821 2819 2815 2808 2802 2795 2788 2782 2775 2768 2762 2755 2766 2795 2824 2853 2882 2910 2939 2968 2997 3026 -9999 -9999 -9999 -9999 -9999 -9999 -9999 -9999 -9999 -9999 -9999 -9999 -9999 -9999 -9999 -9999 -9999 -9999 -9999 -9999 -9999 -9999
2905 2912 2920 2927 2934 2941 2949 2956 2963 2959 2944 2928 2912 2897 2881 2866 2850 2834 2819 2812 2814 2816 2818 2819 2821 2823 2825 2827 2829 2829 2828 2827 2826 2824 2823 2822 2821 2819 2818 2816 2814 2812 2809 2807 2804 2802 2800 2797 2795 2806 2831 2855 2880 2905 2929 2954 2978 3003 3028 3040 3040 3040 3040 3040 -9999 -9999 -9999 -9999 -9999 -9999 -9999 -9999 -9999 -9999 -9999 -9999 -9999 -9999 -9999 -9999 -9999
2928 2933 2939 2944 2949 2954 2959 2965 2970 2964 2948 2931 2915 2898 2881 2865 2848 2832 2815 2808 2810 2811 2813 2815 2816 2818 2820 2821 2823 2823 2823 2822 2821 2821 2820 2819 2819 2818 2817 2818 2820 2822 2824 2825 2827 2829 2831 2833 2834 2846 2866 2887 2907 2927 2948 2968 2989 3009 3030 3040 3040 3040 3040 3040 -9999 -9999 -9999 -9999 -9999 -9999 -9999 -9999 -9999 -9999 -9999 -9999 -9999 -9999 -9999 -9999 -9999
2952 2955 2958 2961 2964 2967 2970 2973 2976 2969 2952 2934 2917 2899 2882 2864 2847 2829 2812 2804 2805 2807 2808 2810 2811 2812 2814 2815 2817 2817 2817 2817 2817 2817 2817 2817 2817 2817 2817 2820 2826 2832 2838 2844 2850 2856 2862 2868 2874 2885 2902 2918 2934 2950 2967 2983 2999 3016 3032 3040 3040 3040 3040 3040 -9999 -9999 -9999 -9999 -9999 -9999 -9999 -9999 -9999 -9999 -9999 -9999 -9999 -9999 -9999 -9999 -9999
2975 2976 2977 2978 2979 2980 2981 2982 2983 2974 2956 2937 2919 2900 2882 2864 2845 2827 2808 2800 2801 2802 2803 2805 2806 2807 2808 2809 2811 2812 2812 2812 2813 2813 2814 2814 2815 2815 2816 2821 2832 2842 2852 2862 2873 2883 2893 2903 2914 2925 2937 2949 2961 2973 2986 2998 3010 3022 3034 3040 3040 3040 3040 3040 -9999 -9999 -9999 -9999 -9999 -9999 -9999 -9999 -9999 -9999 -9999 -9999 -9999 -9999 -9999 -9999 -9999
2998 2997 2996 2995 2994 2993 2992 2990 2989 2979 2960 2940 2921 2902 2882 2863 2844 2824 2805 2796 2797 2798 2799 2800 2801 2802 2803 2804 2805 2806 2807 2808 2809 2810 2811 2812 2813 2814 2815 2823 2837 2852 2866 2881 2895 2910 2924 2939 2953 2965 2973 2980 2988 2996 3004 3012 3020 3028 3036 3040 3040 3040 3040 3040 -9999 -9999 -9999 -9999 -9999 -9999 -9999 -9999 -9999 -9999 -9999 -9999 -9999 -9999 -9999 -9999 -9999
3002 2999 2997 2994 2991 2989 2986 2983 2980 2970 2951 2933 2914 2896 2877 2859 2840 2822 2803 2794 2795 2796 2796 2797 2798 2799 2800 2800 2801 2802 2804 2806 2808 2809 2811 2813 2814 2816 2818 2827 2843 2860 2877 2893 2910 2926 2943 2960 2976 2988 2993 2999 3005 3011 3017 3023 3028 3034 3040 3044 3047 3050 3053 3055 3058 3061 3063 3066 3069 -9999 -9999 -9999 -9999 -9999 -9999 -9999 -9999 -9999 -9999 -9999 -9999
2986 2982 2979 2975 2971 2967 2964 2960 2956 2946 2930 2914 2898 2882 2866 2850 2834 2818 2802 2795 2795 2796 2797 2797 2798 2799 2799 2800 2801 2802 2805 2807 2809 2812 2814 2816 2819 2821 2823 2833 2849 2866 2883 2899 2916 2933 2949 2966 2983 2994 3000 3005 3011 3017 3023 3029 3035 3040 3046 3050 3052 3054 3056 3059 3061 3063 3065 3067 3069 -9999 -9999 -9999 -9999 -9999 -9999 -9999 -9999 -9999 -9999 -9999 -9999
2970 2965 2961 2956 2951 2946 2942 2937 2932 2923 2910 2896 2883 2869 2856 2842 2829 2815 2802 2795 2796 2796 2797 2797 2798 2798 2799 2800 2800 2802 2805 2808 2811 2814 2817 2820 2823 2826 2829 2839 2855 2872 2889 2905 2922 2939 2956 2972 2989 3000 3006 3012 3018 3023 3029 3035 3041 3046 3052 3056 3057 3059 3060 3062 3063 3065 3066 3068 3070 -9999 -9999 -9999 -9999 -9999 -9999 -9999 -9999 -9999 -9999 -9999 -9999
2954 2948 2943 2937 2931 2925 2919 2914 2908 2900 2889 2878 2867 2856 2845 2834 2823 2812 2801 2796 2796 2797 2797 2797 2798 2798 2799 2799 2799 2802 2805 2809 2813 2816 2820 2824 2827 2831 2835 2845 2862 2878 2895 2912 2928 2945 2962 2978 2995 3006 3012 3018 3024 3029 3035 3041 3047 3053 3058 3062 3063 3063 3064 3065 3066 3067 3068 3069 3070 -9999 -9999 -9999 -9999 -9999 -9999 -9999 -9999 -9999 -9999 -9999 -9999
2938 2931 2924 2918 2911 2904 2897 2891 2884 2876 2868 2859 2851 2842 2834 2826 2817 2809 2800 2796 2797 2797 2797 2797 2798 2798 2798 2799 2799 2801 2806 2810 2814 2819 2823 2827 2832 2836 2840 2851 2868 2884 2901 2918 2935 2951 2968 2985 3001 3013 3018 3024 3030 3036 3041 3047 3053 3059 3064 3067 3068 3068 3068 3069 3069 3069 3070 3070 3070 -9999 -9999 -9999 -9999 -9999 -9999 -9999 -9999 -9999 -9999 -9999 -9999
2922 2914 2906 2899 2891 2883 2875 2867 2860 2853 2847 2841 2835 2829 2823 2817 2811 2806 2800 2797 2797 2797 2797 2797 2798 2798 2798 2798 2798 2801 2806 2811 2816 2821 2826 2831 2836 2841 2846 2857 2874 2890 2907 2924 2941 2957 2974 2991 3008 3019 3025 3030 3036 3042 3048 3053 3059 3065 3070 3073 3073 3073 3072 3072 3072 3071 3071 3071 3070 -9999 -9999 -9999 -9999 -9999 -9999 -9999 -9999 -9999 -9999 -9999 -9999
2906 2897 2888 2879 2871 2862 2853 2844 2835 2829 2826 2823 2819 2816 2812 2809 2806 2802 2799 2797 2797 2797 2797 2798 2798 2798 2798 2798 2798 2801 2806 2812 2818 2823 2829 2835 2840 2846 2852 2863 2880 2896 2913 2930 2947 2964 2980 2997 3014 3025 3031 3037 3042 3048 3054 3059 3065 3071 3077 3079 3078 3077 3076 3075 3074 3073 3073 3072 3071 -9999 -9999 -9999 -9999 -9999 -9999 -9999 -9999 -9999 -9999 -9999 -9999
2890 2880 2870 2860 2851 2841 2831 2821 2811 2806 2805 2804 2803 2803 2802 2801 2800 2799 2798 2798 2798 2798 2798 2798 2797 2797 2797 2797 2797 2800 2807 2813 2819 2826 2832 2838 2845 2851 2857 2869 2886 2903 2919 2936 2953 2970 2987 3003 3020 3031 3037 3043 3049 3054 3060 3066 3071 3077 3083 3085 3083 3082 3080 3079 3077 3076 3074 3073 3071 -9999 -9999 -9999 -9999 -9999 -9999 -9999 -9999 -9999 -9999 -9999 -9999
2874 2863 2852 2841 2830 2820 2809 2798 2787 2782 2784 2786 2788 2789 2791 2793 2794 2796 2798 2798 2798 2798 2798 2798 2797 2797 2797 2797 2797 2800 2807 2814 2821 2828 2835 2842 2849 2856 2863 2875 2892 2909 2925 2942 2959 2976 2993 3010 3027 3038 3043 3049 3055 3060 3066 3072 3077 3083 3089 3090 3088 3086 3084 3082 3080 3078 3076 3073 3071 -9999 -9999 -9999 -9999 -9999 -9999 -9999 -9999 -9999 -9999 -9999 -9999
2858 2846 2834 2822 2810 2798 2787 2775 2763 2759 2763 2767 2772 2776 2780 2784 2789 2793 2797 2799 2799 2798 2798 2798 2797 2797 2797 2796 2796 2800 2807 2815 2823 2830 2838 2846 2853 2861 2869 2881 2898 2915 2932 2948 2965 2982 2999 3016 3033 3044 3050 3055 3061 3067 3072 3078 3083 3089 3095 3096 3093 3091 3088 3085 3083 3080 3077 3074 3072 -9999 -9999 -9999 -9999 -9999 -9999 -9999 -9999 -9999 -9999 -9999 -9999
2842 2831 2820 2809 2798 2787 2776 2765 2754 2751 2756 2760 2765 2769 2774 2779 2783 2788 2792 2794 2792 2791 2789 2787 2786 2784 2782 2781 2779 2783 2792 2801 2810 2819 2828 2838 2847 2856 2865 2878 2896 2914 2931 2949 2967 2984 3002 3020 3037 3049 3054 3060 3065 3071 3076 3081 3087 3092 3098 3101 3101 3101 3101 3101 -9999 -9999 -9999 -9999 -9999 -9999 -9999 -9999 -9999 -9999 -9999 -9999 -9999 -9999 -9999 -9999 -9999
