data/data_berlin/geo_raster_current_asc/tree_cover_density_2012_100m_3035.asc
NCOLS 657 
NROWS 570 
XLLCORNER 4521040 
YLLCORNER 3243800 
CELLSIZE 100 
NODATA_value -9999 
[rows 252 to 287 of 570, columns 164 to 245 of 657]
5950 2567 2300 4400 3271 2650 3000 3429 5050 5233 5886 4420 3900 0 0 0 0 0 0 0 5200 4967 3788 5500 4350 4900 6022 4043 2500 3767 3253 3323 3343 3450 4075 3886 4631 6082 4717 6282 6144 6916 6056 5867 4500 4042 3712 3678 5675 3589 5929 6489 7848 7848 7484 7436 6975 7273 8283 8117 7728 7680 6689 7667 7617 7753 7871 7575 7932 7944 7820 7250 5422 5916 5586 5994 6410 6908 6768 5980 6304 5856
4053 4560 4962 6606 4800 2650 2800 3000 3071 5600 4120 5767 0 0 0 0 0 0 0 6175 5200 6653 6073 5367 6100 3800 5836 5074 3133 3400 1900 3477 4531 4612 3943 5460 4700 4044 6379 6621 5990 5920 6971 6050 6271 4167 3782 5050 5188 5989 7709 7832 7676 7620 7612 7116 7125 7273 8283 8089 7128 5075 6689 7082 7125 7764 7724 7504 7832 7724 7860 4985 6388 6016 5863 6332 6512 6724 6220 5818 6004 6132
5258 6471 4273 4091 4760 2864 3817 3725 3071 3275 5886 3320 0 7900 0 0 0 0 0 5700 7150 5240 5133 6914 6100 1400 5188 5687 3442 4647 2053 4021 4055 3033 2845 2813 4814 5371 3600 0 0 3636 3294 5200 7414 6888 3779 4714 7376 8045 7992 7952 7424 6208 4643 5462 7632 7916 8260 8044 7600 7081 7544 7476 7372 7744 7756 7732 7612 8064 7887 4213 5712 5900 6664 6760 6964 7092 6132 6058 5572 6076
5946 3986 4262 4867 3150 4389 2450 4850 2740 3643 2050 0 7969 7900 7050 0 0 0 0 2625 4250 7017 4313 6900 2100 5913 5712 5975 5068 4760 3432 3575 4218 3785 3900 4738 5394 4855 2300 5950 5225 3636 3294 3311 4120 5733 3650 4294 7244 7524 6579 5021 4880 5190 3860 4353 7133 7071 7442 7036 7092 7180 7432 7544 7504 7596 7708 7724 7696 7948 7450 4753 5135 5523 6014 6600 6720 6940 7092 6821 5996 6208
4150 4542 1988 4380 1625 4171 3825 4000 5362 4700 4600 4900 7969 7920 7867 0 0 7233 7500 7615 1000 2800 7600 3050 2100 6412 5164 5400 4380 4912 4341 4650 4833 4381 3782 5030 4000 3675 3450 5950 5225 800 2600 2700 3800 4745 7029 6443 4511 3479 5141 3629 3744 4071 4727 4487 2325 4638 5677 4004 4348 3738 6317 6020 6125 6740 7943 7480 7188 7047 5425 4589 4056 6279 5318 5506 5438 6061 6830 6279 5483 4978
7143 4380 4138 3856 3275 3569 4883 5467 2929 3433 4150 4900 7714 0 0 0 8133 7233 7500 7615 5117 1200 3230 2500 3700 2767 4900 6093 3912 5217 4600 6091 5800 6116 6357 6060 0 0 2933 2300 2450 3450 2970 0 0 2200 4621 6443 3578 2975 3975 3075 3806 4144 4914 2553 4422 4720 6420 3858 4288 5209 5789 4336 5260 4867 6323 5164 5932 5110 5325 3206 5157 5679 5467 4800 5540 7024 6580 7096 7188 6652
7143 5542 4989 2000 2683 3569 4141 4480 3460 6653 6750 2900 7786 0 5117 7000 8133 7692 6710 5500 3550 3767 4855 3960 2808 2767 6713 4200 3650 6741 5661 5517 5754 4935 4067 1300 1750 0 0 0 0 0 2250 0 0 0 3008 2800 5150 5195 6079 5543 5929 5746 7106 6182 5778 5577 5623 3767 6505 5287 5507 4967 5500 4912 6033 4717 5817 6094 5030 4425 5109 6011 4994 6089 6442 6038 5932 6055 6071 5505
5522 5078 4453 4450 2900 3592 4538 6486 3192 6567 5260 2900 6467 6564 5117 7000 7052 7074 7700 2020 7700 4900 0 5750 5221 3433 7060 3736 6750 6882 7308 4660 4500 4733 3400 1300 1750 2700 0 0 0 7350 2250 2000 2800 3222 3189 3217 1750 6441 4755 4886 4045 2931 4990 5275 8029 6517 5285 4377 3658 3871 5167 5712 5273 3300 6274 5627 5550 5475 5100 4606 5275 5869 5406 5114 5462 6852 6079 6560 6304 6876
5057 6683 2910 4821 3131 3422 3729 2623 3744 0 4600 4471 7350 6564 6307 4743 4860 4050 3815 1750 4625 1900 5343 6100 4314 4033 6550 7400 1725 3867 2800 0 3050 0 2500 4900 6373 5100 0 0 0 7350 4700 3475 2800 3222 3189 1300 3850 3140 2700 0 0 0 4100 3750 5800 5800 4582 5085 4788 5167 5857 7200 6100 5769 6100 5305 6581 6000 5775 5106 4583 4640 5147 4568 5205 7020 6821 6680 5262 5900
4676 4063 4570 4120 6050 3843 3729 2575 0 0 5175 4933 6700 5850 7060 5367 800 7900 7250 4200 4625 4367 5343 6100 4175 2883 4240 5446 3640 2600 3100 0 0 3100 2500 4020 3500 3930 3900 3433 0 0 3562 3163 3467 2533 4800 7200 0 7300 1400 2867 0 0 0 0 5600 5875 4730 5500 5176 5433 5069 5207 5778 6512 6396 5096 7081 5800 5837 5677 4773 4868 5017 5542 5118 6156 4700 3433 5684 7750
4313 4795 5476 3975 6000 4740 6173 4567 0 2300 6550 5417 7600 7600 7060 5367 8200 7700 7250 4200 2433 8500 7800 6460 3900 6135 3080 4900 2980 3850 1300 5060 6600 3100 1300 5920 3800 3625 6150 3433 2500 4300 4717 4087 3800 3756 1750 3383 0 2937 2000 2867 2600 6800 6600 4263 5600 4875 6733 4882 5058 5955 6024 6196 5236 6267 5738 6425 7310 5100 5082 4944 5756 7800 7400 7400 4033 3000 4700 3433 5684 7018
3350 5746 4607 4700 6580 6300 2533 0 3840 3486 6550 5178 7200 7600 0 0 2900 2600 0 0 0 7700 7800 6460 4833 4750 4225 3257 1100 0 5580 5060 6600 5500 6125 2600 1600 4971 4789 6255 6564 4300 4717 5270 2440 3756 3625 3383 4225 0 3875 2625 3289 6800 6600 4263 2000 5380 3750 4320 4029 4160 5513 6283 6562 6418 7029 5545 3867 4100 5000 4933 0 0 4283 2300 4033 3000 6967 6736 7180 6871
2250 2400 3200 6400 7300 5950 0 6378 3840 3486 5700 5178 6175 3575 0 0 0 7900 0 0 0 0 0 0 0 4900 5250 5400 5638 6263 7300 6100 6680 3100 6125 2600 4400 4238 4877 6525 4964 6408 5720 4543 5940 4760 7452 4450 3300 0 4412 3990 3289 3300 6542 5253 2740 1100 3750 4320 6700 4400 6400 2000 6780 8053 7333 5550 6543 6483 6840 0 0 0 4283 4700 6325 6483 7229 7236 7088 7187
3075 1500 1500 2000 0 0 5806 6378 4794 3233 4550 6725 0 0 2150 2800 0 6700 4933 2500 1743 0 0 0 2980 4900 3120 6071 5638 6263 7300 8000 6280 4933 3980 4850 5343 5300 5375 7450 6758 5044 5424 8040 1800 6245 7452 8229 0 6833 8240 4833 3900 3775 3563 2500 2740 3717 3578 3500 4400 5760 6400 5963 6279 6420 6631 7400 7800 7489 6840 4280 4857 5180 4150 5750 7060 6483 5822 7323 7117 5933
0 3900 0 0 0 2300 4009 5233 7700 7100 3700 1900 3860 0 2300 1500 6650 6700 4933 3542 1743 1833 0 3359 2980 4533 3120 3500 6917 7420 6708 8100 5900 3000 5236 4380 3982 0 6583 7386 6682 5044 5424 8040 8030 8267 8220 7907 8056 6833 8240 7131 4343 5560 5975 3675 2400 2900 5150 4975 3300 0 5120 6317 5800 5120 4450 0 7494 7489 6525 3750 4857 5180 4150 4225 5553 4825 3200 0 0 3967
3389 3900 3433 4050 4000 2300 4009 6025 7700 4567 3160 3517 5694 2300 4465 3100 5175 6600 7333 4175 2350 1427 1050 4456 3738 4050 6375 3500 0 0 3925 6050 4767 5600 5200 3700 0 0 2950 4300 6474 5240 5913 7454 8183 8556 8420 8055 8056 7733 8268 8071 6088 3300 3240 4567 0 1900 6020 7450 7000 7783 7600 500 2564 6075 7040 6050 7380 7500 0 4936 5322 4925 4550 3600 5833 6417 3050 5729 5100 3967
3389 3100 3025 4050 4000 1100 3850 6160 4858 4867 5140 3517 5694 6100 4465 4433 5175 3867 6162 4175 2350 1038 1200 4525 5175 1300 3880 2400 2625 0 0 1800 0 5033 5200 0 0 4812 2950 7875 7846 5800 6220 8185 8632 8476 8088 8076 8129 8112 7968 8370 7600 6100 4967 6875 5310 6025 6070 4600 7000 7783 7600 1200 2750 5900 7040 8033 7380 6650 7236 4025 4550 3000 3900 3100 3150 5500 2700 5729 5100 5652
6206 4783 3833 3450 1800 5062 2800 6109 6838 4805 5300 3647 5743 6864 6491 6333 4300 4986 0 5300 5840 3373 3650 4525 3920 4700 3880 2700 2625 6271 3267 0 0 3300 4867 1900 1150 3833 6675 8658 8533 7921 8500 8281 8748 8529 8342 8292 8225 8318 8618 7860 6257 6960 7229 5786 5310 6025 6070 7000 7190 7667 6329 7500 6900 3700 4150 7005 8192 8000 7681 0 3500 4967 4200 5525 4508 4486 2500 6893 6916 6043
4367 6250 4144 3357 2800 4395 2800 7016 6635 6445 7360 5992 5632 6887 6644 0 0 0 0 3375 4089 7520 5280 1700 6056 5800 4500 4700 2800 4287 3267 5100 4575 3300 4400 1225 1150 3833 6744 8225 8235 8120 8057 7710 8179 8479 8540 8658 6825 5880 6592 6545 6257 5025 7033 6516 6869 5716 5436 6125 7376 6996 5913 6980 2500 4650 7800 8009 8404 7712 7562 0 2925 4750 3675 5525 6200 5929 2500 6067 6845 4550
6094 7075 5964 3525 6242 7386 7000 6908 6436 7314 7345 4933 6450 4050 3300 0 0 3200 3800 3375 4089 4314 6825 7033 6056 5219 4753 7243 5460 2500 2900 4600 4575 5282 3980 2440 1300 5725 6744 5750 7061 8520 8360 7200 8450 6488 4733 5167 6400 4530 5320 6244 6836 7272 7850 7862 8000 6739 7233 6011 5571 6669 7933 7300 4100 7571 7643 6600 7483 7075 7410 5900 4400 1100 2475 6578 4825 7329 6300 2700 4167 1400
3640 3733 2400 3200 2567 7275 6180 5775 6125 7243 6980 5157 1750 3733 1800 2667 5067 3200 3800 4475 4469 3422 7029 7225 6118 4029 4380 6721 3700 6640 5495 4833 5383 5600 4050 2440 4400 3520 7500 7130 7061 7625 6693 4853 5827 6488 6641 6790 6875 7020 7142 6715 6439 6800 5867 4675 7412 7375 5250 6200 6800 5650 7322 7300 2900 7210 7567 7771 5450 6438 6640 5900 4400 4333 0 5762 4825 5571 2900 2700 4300 1400
4462 5123 3300 3200 1967 4929 6380 5775 3950 4450 5700 5640 3785 2867 4933 4017 5067 4543 6693 3960 4982 4895 7433 5271 6138 3210 4746 5155 4689 6260 7111 5795 4920 4300 2267 5500 5713 6519 6095 7176 7253 7130 7169 5741 6795 6000 7077 7453 6760 6824 6448 6846 6291 6263 6408 5350 4100 7450 5840 6024 3943 5840 7083 5644 6867 4050 5914 6061 6312 6863 6875 5167 4467 4500 0 2800 6700 5833 6160 3100 4500 4400
4150 3075 4000 3400 4086 5738 3483 5661 0 0 3950 4500 4057 7122 600 5700 6531 4933 4217 4300 4923 6025 7122 7278 7367 6989 4979 4469 7705 7643 5850 5667 4990 4942 3540 6085 5700 6136 6647 7400 7548 7447 7036 5105 5805 7329 7367 7685 7374 7000 6396 6643 5961 6459 6133 6362 4100 6591 6750 5520 5383 5840 6675 3671 4422 5110 5423 4883 5520 5768 6621 5578 5500 0 4200 2800 6110 6563 6160 2950 2300 6800
2343 5412 4000 4250 3327 2433 6129 5661 5175 0 0 3400 7514 7122 6667 7067 7600 7440 6860 5807 5800 7660 6665 6495 7708 7450 4819 6965 6386 7484 5467 6433 4919 4736 6112 7029 6955 4708 5417 5664 6936 7208 7282 6096 5524 7375 7754 6140 6812 6975 6500 6858 5285 5642 5888 6456 7286 6711 6438 6671 4971 6967 6017 5560 2920 5350 4091 3211 4600 6113 7443 6569 6733 3500 4400 5600 6445 7200 6414 4900 6343 6800
3417 5412 4420 3100 3267 4220 4900 3837 4683 6000 0 0 3700 6592 6889 7189 7083 7440 8289 7414 7273 8005 8150 6332 6512 7264 5571 6060 6960 7336 5500 5837 6536 6160 4975 6743 7795 6680 5580 6729 4638 5159 4413 5721 5867 6900 7267 7620 6704 7136 7042 6238 5683 6126 6852 6752 7126 6225 7025 6867 5015 7717 6858 5560 1400 5117 5700 4367 4600 7055 6486 6164 6733 5875 4400 4800 7175 7225 6357 3471 1267 0
6117 3971 3400 2650 3267 4500 7900 1800 2417 4723 0 0 0 4900 5217 7117 7350 8321 8188 7619 7476 8213 7468 6356 6472 6676 5486 6147 7236 6850 6425 5415 5706 5471 4600 7511 7675 6950 4807 6075 6229 5810 5667 2660 3477 4750 4763 6800 6537 6928 6190 6265 6735 6812 6360 6624 6825 4571 6607 5812 4160 5143 6793 6725 4300 2963 3669 4367 4840 4980 5780 2733 6260 6033 4500 4800 5817 4075 3600 4400 2900 5067
5650 4055 2500 4100 8100 4500 4511 2650 3043 5990 0 0 0 4567 5590 4767 8050 7980 7713 6708 7800 7994 7988 7172 7276 6700 6969 7317 7364 6892 7280 4833 5600 6340 5665 6986 7455 6913 5871 6460 5700 6800 3511 2180 3829 6218 5243 5140 2700 5125 5108 6232 6790 5833 6292 6752 6547 3394 3150 5071 1767 5550 5233 3600 5800 7500 5367 6208 4267 3900 4780 2733 6000 7280 5500 4000 5750 5200 4118 5643 4887 5067
2856 3086 3027 4633 4492 2400 5808 4244 4226 3783 5233 0 1000 4567 4567 6500 8500 7933 8252 4971 7041 7632 7740 7352 6600 7600 7000 7836 7900 7079 6933 6175 7013 6989 7900 4700 5300 7231 6217 5271 4650 7100 6274 2813 2433 4712 2067 4980 4170 4400 5142 3890 4300 4287 5350 5190 6033 4710 2700 4333 3633 4625 4312 0 0 4200 5500 4967 6733 2867 3717 2400 2700 0 5500 7800 7750 4525 3120 1967 2100 4000
4471 2722 4314 3620 5800 2000 3673 3600 4956 5071 3980 3650 1000 5725 6560 6833 8500 7882 7104 4974 7189 7740 7740 7089 6620 7545 6044 7680 7827 6494 7175 7632 7025 0 5100 2750 5300 5350 7241 6733 1300 2200 7000 3423 4362 3356 2320 4400 4800 5084 4955 5225 6055 4300 3473 2517 2667 3267 3047 4350 4929 4255 4360 0 0 3430 2900 3750 4830 4719 5038 2633 1600 2300 3700 3200 3650 4525 0 7175 7850 6150
3185 2722 2110 4183 4075 2800 3033 2980 4150 5535 5933 3500 6300 5017 5340 6720 7800 7264 6918 6075 7529 7620 7800 6190 7150 7646 7675 7514 7457 7326 7939 6667 5680 7777 5100 0 5078 4089 6271 6733 1300 4400 4957 5391 6958 4979 3563 4157 5145 4072 3950 5145 3738 4220 4375 5309 4107 4665 3047 3369 4770 4909 4360 2750 1500 1700 3960 4743 6333 6114 7550 2840 2271 2300 3700 3300 3075 5225 4400 8300 6500 3925
5200 6118 3509 3900 3978 2236 3917 3327 3067 5309 5933 3500 5450 4567 6350 7588 7850 7071 7309 7368 7637 7844 7447 7162 6867 5665 6817 7713 7252 7614 7540 7500 5680 7777 5388 5800 7100 6067 7433 7623 4525 5862 6318 5513 4071 4314 4627 3917 4211 4857 6065 5614 5369 4337 5600 3937 4644 4625 3206 5336 6526 4909 2680 3175 1500 1700 3450 4133 4167 4263 3287 2840 1400 4340 7211 3300 3720 1300 4400 8300 3830 3925
6743 6467 5600 5333 3990 3540 4910 4971 5488 4500 0 4800 4200 7037 7908 8219 7993 7650 6625 7181 7475 7852 7520 6906 7056 7052 7292 7588 7695 5600 5550 7107 6972 5145 5388 5313 7100 5450 5947 7344 6350 1200 7700 6745 4171 5660 4862 2333 4133 3100 5754 5195 5071 3675 5279 6089 4122 4120 4829 3657 6246 2900 4845 6336 4000 5360 3450 4625 3200 5900 4200 3733 1500 4320 6539 3700 5000 4067 1700 3533 6133 6178
6743 6436 6467 2610 3475 1933 3125 3854 7507 7400 0 7497 6810 6600 7940 7700 8517 8136 7500 6029 7796 8088 7356 7668 7436 7436 7424 7038 7465 4610 4100 5891 6892 6500 5730 6316 5959 4120 6973 6640 5375 7100 7700 4927 2667 4629 4711 3420 2258 2467 6405 5176 5409 4295 5147 5564 3977 3600 4883 4392 4300 4500 4783 6136 5967 4200 4818 5222 3167 3400 4200 5344 2847 5541 6560 3125 2400 4067 5400 2300 2629 5486
7771 7630 7375 4245 4000 2117 4082 5450 7812 7462 5500 8200 8183 6740 6806 7500 7150 7860 7869 7008 7632 7684 7632 7600 7640 8172 7900 7350 5411 5117 6550 5671 6026 5967 5500 7438 6400 2850 6148 2667 6542 7919 7721 7367 3333 5129 4348 4391 3420 2050 3625 3323 4487 4458 5210 4876 5570 3322 4055 5045 4633 2800 7625 6367 4573 4425 3757 4414 5756 3800 5000 4150 4100 4778 3733 0 3850 5367 5400 2950 5133 8500
5540 8450 5600 6300 5060 2600 3140 4833 4250 8000 6220 8200 8287 7127 7629 6113 4800 4917 8030 8204 7788 7821 7313 8120 8132 8185 7647 6836 5927 6350 8089 4100 5700 8200 7737 7675 7322 5035 6148 6961 7148 6564 6900 7311 5991 6122 4976 3976 3420 6000 5300 3386 3944 5675 6656 5335 4552 4465 4190 5588 1400 2800 5200 5100 4573 0 0 3100 0 0 0 3251 2922 2700 3933 0 0 0 0 1200 1650 5180
4770 6660 5950 7000 3783 4786 2200 4737 4250 7455 5250 7960 8300 7127 7629 6852 6255 4917 8000 8128 8048 8086 8600 8000 7225 6484 7142 6855 2950 7800 7800 4725 5750 6229 4000 7300 7087 5200 6671 7133 7748 7306 6952 7676 5500 2742 2225 5073 4655 3726 6310 5557 3500 4400 4710 3050 5162 6233 4933 5200 0 0 2500 5100 5236 0 0 0 0 8600 0 3890 3580 6650 4000 0 0 7700 0 2720 2500 5100
