data/data_berlin/geo_raster_current_asc/tree_cover_density_2012_100m_3035.asc
NCOLS 657 
NROWS 570 
XLLCORNER 4521040 
YLLCORNER 3243800 
CELLSIZE 100 
NODATA_value -9999 
[rows 216 to 251 of 570, columns 328 to 409 of 657]
5462 4178 6090 4161 5456 5680 0 0 7500 8200 6635 5268 6530 5650 4411 6024 5016 4980 6186 5496 5926 6445 5083 4516 4350 5657 0 7133 0 6225 5000 0 0 7700 0 0 7687 6015 5437 5440 5400 3900 6686 6627 6700 6981 7300 8773 7900 7367 4788 4933 5927 7729 7029 6864 7757 4450 6808 7683 7867 6800 7311 6900 7268 7127 6500 0 0 7400 3663 3950 5778 4542 4936 4488 6705 5875 4461 5173 5020 3486
4739 4650 6150 4800 5547 5112 5660 7190 7500 7290 5625 5420 5583 5980 6375 5720 6972 5467 4465 4980 5075 5917 5430 5052 5114 7000 0 0 0 0 7450 0 0 0 0 0 8200 5417 5550 6017 3900 4978 4538 7287 6358 8262 5792 6486 7833 7200 6760 5406 5920 7650 0 0 5100 3450 5633 5933 3350 4833 6660 5968 4700 4650 7100 5500 7275 5500 6000 2800 5507 4750 4227 4878 4700 7600 6113 5787 5233 6417
4783 5700 7083 7600 6050 4748 6160 4507 6880 6525 5130 5204 6128 5686 6137 6100 4864 6360 6145 5950 6160 4792 5179 5405 5442 5500 0 0 0 0 0 0 0 0 0 0 8200 6300 5120 6550 5867 7294 7233 4992 6978 1600 7258 5400 6062 5100 6700 6000 6000 6900 4100 5267 4760 7600 5633 6242 5552 6447 4640 5068 4635 5570 6100 5500 7275 5500 6000 7200 7500 6407 6025 6960 0 0 7450 5340 4250 6427
3779 4463 4786 7600 5274 5450 6293 4507 4587 5647 5661 5492 6352 6108 5600 5744 5333 7439 4874 6782 5963 5300 6141 5624 5763 5833 0 0 6150 0 0 0 0 0 0 0 0 7175 6800 6467 6669 5678 7667 5833 6177 6760 4780 5645 4713 6900 7250 7809 8013 5800 4100 5267 4760 7400 5760 8000 7064 5923 5700 4795 6525 4775 7360 5500 3200 0 4500 7286 6817 4078 7600 6960 7300 0 3900 4100 4350 6282
5387 6690 3425 4900 4587 4829 4750 6733 5642 4483 6056 5880 6300 5635 5524 5808 4592 6600 5380 6167 5350 5371 5041 7050 7200 9000 6667 7500 6150 6250 4912 0 0 0 0 0 0 6525 7550 6538 7100 5743 6100 6550 6650 6236 6100 5536 6825 4800 6975 7020 6767 4457 6900 6200 6633 5873 6896 6650 4967 7350 5887 5958 6893 6350 6571 0 7200 3267 4500 6150 6415 7125 7040 5350 7400 6650 3900 4100 7220 7000
6084 6620 3200 3600 6695 5287 4945 7054 6575 6800 5273 4765 5063 6712 7492 5696 6312 5891 6496 6430 7133 5915 5175 5681 6600 6429 0 7500 7200 4600 4913 3667 0 0 0 0 0 5917 5500 7082 5282 6500 7150 7060 6389 6457 6100 6833 4933 7067 6900 7300 6767 7800 4400 6511 6636 7167 7218 6500 2700 5117 5586 5182 5650 6983 0 0 0 3267 4400 5467 6415 7125 7040 6511 7500 6650 6478 5350 5075 6500
5114 6880 5278 5156 5900 5900 3933 6837 6575 4950 4531 6033 6940 4200 5480 5975 6035 5216 5358 6775 6611 6960 4845 5388 5725 7040 0 3440 2600 6143 6100 5767 6929 8600 7375 8413 8692 8200 6333 6650 6312 5020 5750 7060 5500 2550 4600 0 0 6767 7233 7012 6280 7322 7800 7260 7050 6018 6256 6741 4022 6775 5292 8023 8060 0 0 0 0 0 6657 5192 6535 5990 6471 6511 7500 7500 4275 6265 5500 7000
4987 4600 3975 6937 6600 5750 5400 6600 6511 4417 5582 6160 6278 4133 7014 4720 2317 5145 4778 0 3225 0 6492 7957 0 0 0 3540 4280 4467 8100 5986 6929 7533 7375 8412 8692 8200 6710 5240 5300 6363 6600 3833 4500 8336 7100 0 7500 6767 7082 6980 5492 6079 6900 7260 6333 4971 5500 6522 6305 6100 5533 6643 8421 8217 8333 0 0 0 0 0 5400 0 7600 8000 7433 5079 4275 5286 6825 7000
5745 5223 6265 6984 6804 6750 5500 5720 6714 5780 5467 4900 6000 3979 7014 7186 5829 0 0 0 0 0 5500 4667 4000 0 0 0 2800 5913 6791 6000 4877 5088 5512 5792 5733 5983 6057 6788 5300 6368 7775 6150 4500 7567 6735 5720 7500 6567 6250 7454 4800 5200 7300 7367 7100 5160 5913 6382 5533 0 0 0 8779 8600 8333 8400 0 0 0 0 0 0 6750 7200 0 5842 5883 4950 6300 7900
5583 5638 5692 6344 6688 6055 5500 5720 5789 6320 6420 4675 7359 5276 4740 4800 7857 0 0 0 3300 4200 5500 4667 3250 0 0 0 6400 4167 5064 5950 5825 4100 5262 5510 6220 6677 6671 4888 6165 5877 4853 4200 5886 4200 6735 5720 6025 7018 5167 7454 6346 4045 6478 7100 7433 6350 7626 7873 5100 3933 3900 6567 8600 7767 8429 8120 0 0 0 0 0 0 4700 6300 3667 5950 5800 5050 6400 6729
6678 6900 6900 7408 6940 6148 6019 5311 4720 4927 5436 6542 5509 5011 5700 0 6400 5867 5175 4000 3300 4200 2400 7800 3500 0 4233 7000 6400 6900 5900 5540 5270 5740 6676 6557 5875 6371 6756 5879 6204 4662 4386 5300 5218 5546 4735 6009 7152 5620 5700 6140 5057 5117 7140 5700 8550 6475 7500 6560 5017 3933 4940 6567 8600 8181 8313 0 0 0 0 0 8250 8433 4700 4186 3667 5950 6600 6800 6400 5967
6800 6080 6148 7352 6510 5575 4420 4138 3767 3850 5008 5911 5336 6536 4986 4650 6400 5867 5175 4000 5940 0 0 0 5375 0 4233 7000 7200 5871 4920 7018 7940 7025 7352 6768 6592 5225 6413 6275 4338 5550 4500 5956 3717 4889 5171 5109 4944 5688 5550 7108 5325 6685 5633 4657 6791 6400 7233 6125 6000 5300 7300 7867 8400 8386 0 0 0 0 0 8175 8250 8433 5933 4320 3854 4750 0 6650 6400 5618
6736 7108 6560 5322 3550 4690 6967 5550 6247 4872 4622 5086 4080 6354 5562 4650 4393 2900 3660 4550 5940 5250 0 0 4900 6750 6344 5200 5086 6847 7273 7837 8248 8017 7673 5943 5471 5728 5733 0 5679 6275 5762 5147 3717 3850 3985 4473 5508 5106 5605 6143 6356 6680 5114 6716 6791 7400 7267 6125 5975 5300 7300 7600 7133 0 0 0 0 0 0 0 8100 8521 6617 4200 4800 3950 5000 5225 6900 5550
6816 7068 5819 4604 4780 4415 6054 5150 4900 3900 3860 5988 7357 6013 5393 4332 4393 7000 3660 5462 5725 7312 0 5167 4900 6750 6344 6476 7200 6943 7671 7056 7488 8210 8547 7910 6463 3943 1833 1800 5529 5083 5958 6512 6212 3291 4263 5005 4564 5025 5952 6480 6320 6100 6457 6850 6505 7104 6605 4213 5975 7600 7160 5618 4336 1513 0 0 0 0 0 0 7188 6560 7000 7633 3000 5394 5589 5225 4150 6618
6028 7071 6421 6460 3317 4667 6400 6225 6056 2850 6283 7530 7852 6558 5490 5753 5709 5156 2467 6800 6711 6160 0 5330 5433 4042 3400 3454 7743 7188 6943 6277 5565 6520 7946 8496 8050 2683 2810 1800 5529 5958 5921 5836 6129 4842 4789 5882 5021 5006 5855 5960 6044 5817 6025 4790 5469 5495 6717 7161 6418 7600 6838 6300 6250 3350 4380 4033 5471 0 0 7962 7850 7817 5650 4000 4000 7010 6518 5940 4600 5918
5736 3480 3180 4200 0 6350 5563 5875 6056 6448 5280 6100 5948 5876 5417 5525 3490 6933 4583 4989 5025 4700 1600 4500 5227 4042 4832 3012 5356 5128 4142 6933 3875 5767 6740 8477 5900 4200 7536 6662 7092 4033 5995 6716 6741 4678 3573 4580 4479 5560 5621 5312 6268 5830 7191 5729 4383 5193 4456 5714 5356 5333 7585 3263 6420 4394 4380 4033 5471 4900 7760 7963 7850 5067 5650 4000 0 4150 6771 5573 5233 6748
6014 6042 3873 3667 7600 4639 7137 7722 7278 6764 6329 5867 4745 5187 5972 4147 4031 2250 3100 5276 3982 5600 1600 4500 2967 5806 5423 5900 4958 5610 5867 6933 5000 5029 5418 6900 7080 7358 7536 7735 7704 6278 5047 5944 5805 5900 4957 5883 6488 5868 5805 5710 6525 5670 6208 6767 4919 5550 4209 4932 3475 5044 6760 7422 4700 2250 7058 7000 8036 5622 7760 8400 8565 4028 4556 4078 2833 4150 6110 4500 4600 6757
6389 5029 6180 5800 4088 4639 6284 6786 7180 6830 6100 7075 6255 4700 3975 4908 4800 5630 6511 6963 7553 7424 5140 5100 4890 3371 3280 2600 5500 5582 6400 5467 5660 6092 7043 6771 3700 7358 7992 8011 7767 6277 4186 5262 5467 5656 4693 6823 6321 6436 6384 6014 5700 6471 7183 5275 4805 3785 5106 4167 4792 5050 6650 7422 0 7565 7058 7584 8476 7567 3757 3233 5800 4940 3500 3100 2833 4125 6400 5660 7247 4667
3081 5029 4725 3960 5587 5152 4042 6644 7900 6767 5687 4630 6091 5000 4956 5039 7164 7988 7764 0 7220 7031 5140 4829 5425 3988 6030 6683 6138 6678 7767 7138 6350 7168 7067 6400 7400 8024 7665 8300 7820 7644 5600 4389 5774 4100 3894 5874 6300 6892 6656 6337 4800 5381 5240 7244 6381 5900 6367 4638 5467 2400 6180 7042 5100 7650 8071 8480 7704 6282 6714 3200 6817 4940 2633 6280 7200 5962 5236 6200 6340 3580
7200 0 0 3213 5020 4500 5120 4750 5564 6150 4917 4630 2700 5864 6257 4517 4120 6806 0 0 6868 7408 6290 5925 5100 7667 7877 5586 6483 6533 7585 6543 6940 8084 7036 7811 8284 8236 8152 8080 7796 8057 5073 5800 5560 6100 4563 5260 6356 5752 6506 5667 5806 7058 7018 6400 5007 5053 6023 5595 4765 3900 5200 7435 7450 7650 8248 6517 7150 2400 5800 0 0 0 7518 7200 3900 5175 7600 6246 4550 6788
4300 1000 0 4704 3733 4220 3900 3400 5980 3800 3308 5291 5068 4217 2083 3883 5340 6221 7650 5780 7023 6329 2550 6300 5100 6287 6593 5586 6450 5862 5020 5711 5846 6254 4994 7015 8080 8220 7852 7856 7924 7467 4955 5600 5821 6006 4931 5088 5036 6656 5646 5818 6909 6950 6930 5479 6427 5331 4273 4941 5150 5667 7289 6956 7573 8444 8348 7167 6075 6800 4775 0 7567 6644 7518 7638 6533 5200 7220 6657 7145 6900
4300 4837 2200 2067 5675 4667 4620 0 0 2150 2033 6090 5135 6377 5117 4644 5764 5850 7719 5780 7023 7133 6900 7800 6189 4858 4320 5215 4984 6250 6519 6544 6764 6400 7468 5396 6083 6626 7467 7320 8020 7718 7400 5779 6076 6011 6033 5342 5880 5200 5020 6300 6560 6250 0 0 0 0 0 6125 5471 5000 7526 7623 7227 8600 8680 7775 4931 5350 3940 7663 7567 6644 7776 7788 6567 5267 6438 5400 5760 5918
5475 0 7475 2067 4322 4527 3100 2967 0 0 4500 2700 4475 7437 3000 2935 4000 3700 5463 7464 7500 4300 5386 6975 7720 7571 6357 6169 4433 6133 5845 6030 5624 6763 5405 5529 4919 5269 4843 5136 6083 5650 6567 6155 6024 5653 6587 6185 7035 6629 5537 7025 7125 0 0 0 0 0 0 0 6642 6383 0 7429 7610 7860 8120 7650 4388 4512 3733 8550 7759 6844 7880 8067 5720 6836 7162 6489 4050 4811
5050 0 0 4467 5735 0 3950 4300 0 0 2457 2700 5900 4720 3700 3700 0 2200 4205 4950 5217 2500 6013 2940 5225 4789 3300 5600 5433 5313 5626 6211 5392 7200 6075 4685 4956 5088 6040 5936 6433 7464 5538 4883 6933 7771 5694 4900 6414 6600 5390 6574 5256 1250 0 0 0 3100 0 0 0 6900 0 7200 7300 7000 5500 1600 5700 4263 4330 8550 7700 7132 8044 7193 5150 6046 4431 5080 4050 6700
3675 4450 2600 4467 6150 0 0 3150 5800 1600 2457 3813 5900 4720 5433 5800 0 3533 2033 3460 4375 4600 6515 8013 7300 7114 5364 7257 7067 6367 5100 7433 0 8100 7600 7000 7764 8033 7094 4650 5822 7342 5620 6700 5862 3300 6400 4720 4000 3900 3700 5481 7360 4220 0 0 0 6600 0 0 0 0 0 6986 7100 7000 5500 1600 5700 4600 3540 8700 7388 7352 7539 6592 5150 6600 6109 7720 7067 6944
7109 2900 2600 4933 6150 5600 2892 3150 5800 1600 0 4800 5925 5950 2000 4700 3350 3533 2033 3370 2467 3300 4300 7832 6800 7200 5343 6680 7064 6900 5000 6433 5583 8100 6750 7547 7764 8033 7094 6340 3733 5800 4392 6818 6136 5411 5600 4720 4033 6550 4700 6871 4913 3667 6040 0 6600 6600 5367 0 6400 0 0 0 6871 7170 4300 0 0 5200 6140 8500 7680 7795 7358 5493 6071 5256 5813 6460 6663 5833
7109 5100 6200 4767 5300 6733 5167 2633 5000 1900 5400 4800 5614 3540 3560 4700 3350 3300 4767 5890 5482 5491 4973 7533 7761 7891 6364 5574 6089 5753 6944 5643 5583 6967 6664 6982 6250 5914 6609 5325 6016 4033 5613 5538 7119 5333 5300 5386 5875 5940 5000 4300 6586 5662 6010 4171 0 6600 6300 0 0 0 0 0 6562 6818 7550 3000 4425 5360 7283 7121 7400 7667 7300 4720 7055 6945 6560 7208 6867 6012
5811 7546 6562 6678 7400 6427 5167 5187 5327 5800 5400 5317 5614 3540 3700 4833 4833 2500 6117 5968 6584 6342 6240 3600 6763 7087 6750 4092 3532 6007 7336 6450 5660 5973 4527 5911 6017 6720 5260 4773 2775 4946 6509 6308 5930 7000 0 4667 0 7029 7059 6883 5178 4922 0 0 0 0 0 0 800 0 0 0 6749 6306 7550 3000 4425 5360 6562 7121 4583 5086 0 6083 5267 6245 6717 7208 6140 5838
8100 6843 5985 6678 6941 7529 4550 4250 4533 6400 3500 5143 4500 4200 5025 5200 4833 5100 4943 5418 5282 5467 4033 0 5800 4750 6247 4075 4789 7400 8696 7777 6770 5905 5581 4113 4914 5894 5843 4791 5109 5325 4400 4943 4250 4160 5237 0 0 6033 7000 6233 7315 5977 0 0 0 0 0 0 0 0 0 0 7379 7192 7240 0 0 5500 6260 6833 5769 3600 5767 5625 6900 7500 7175 6550 5635 6129
4175 5600 6700 7050 6914 3000 5775 7200 5859 6557 7169 5438 4025 4938 4167 3500 3875 5300 5020 3150 6715 8450 7300 4400 5800 0 0 7585 6385 8552 8380 8300 7916 7412 7074 6456 7082 6619 4890 4250 5371 4820 0 6660 6800 4160 5237 4467 3142 7340 5067 6567 7350 4922 5300 0 0 0 0 0 0 0 4300 2729 4400 7567 7150 0 0 0 0 4508 4750 5975 5767 5625 6822 6325 6014 5690 5468 6569
6355 6920 6700 7400 8200 3000 4550 3400 4380 5189 6517 7646 5836 5271 5333 7840 7645 7521 7900 5367 8560 8363 7300 4400 6133 0 0 5260 6480 8164 8362 8050 7652 7724 7608 7555 5300 5340 6200 3100 4875 4720 5200 0 0 0 0 3050 3142 7340 5650 6430 6826 6867 5142 6240 0 0 0 0 0 3600 4300 2729 4400 6329 6570 7200 4600 5200 4300 6233 4267 7886 6183 5600 5931 5736 6132 3675 5600 5855
6030 6891 5500 0 0 0 4200 6678 5883 2500 5950 6095 6542 6691 7250 7904 8584 7968 8053 7995 8400 8604 7936 7423 4800 0 5757 5260 6650 6867 5975 5640 7883 7871 6548 5573 4520 4425 4800 4286 5200 5857 5200 4271 0 4200 5200 3050 1100 5170 3400 5007 5436 5927 6150 6240 5725 5564 0 0 0 0 2900 4200 6744 3200 6500 6850 4600 5200 2600 6233 4786 7886 6450 7325 7131 4711 6044 5790 6245 5611
6633 5600 6475 0 0 7100 4200 7075 6167 6984 5222 4178 5200 5486 6577 6567 7933 8129 8024 8244 8860 8396 7928 8068 5380 0 6077 6255 7571 6238 7500 6300 6120 7040 3986 5675 6314 5767 6029 4186 6800 5655 4900 3100 6445 4200 5200 4912 4825 5170 4300 6687 5710 5515 5838 6050 6467 5564 5560 6700 4400 5417 0 0 0 3200 7550 4891 5167 5822 6225 5938 5878 6495 6240 5943 6550 4900 5423 6571 6450 5628
0 0 5525 6000 6575 7100 6681 7031 6431 7133 6588 6225 5300 5300 6200 6200 6700 7500 7695 8456 8364 7948 8436 8228 7162 0 5692 5900 7300 7120 4050 5050 0 6800 5364 4650 5263 6982 6774 6367 7500 4225 4622 4400 6445 5316 5600 4090 3738 6319 4056 6057 4800 5456 6083 5600 5800 4813 6425 6700 4400 5417 8071 0 6600 6286 7400 7657 6200 5562 4533 6590 5900 4967 5725 4922 4625 5495 5667 5723 5471 6313
7225 6017 0 0 7120 6050 5771 6694 6767 4820 5525 6913 7900 5700 7293 5971 4983 6689 5989 8085 8260 7512 8340 8029 6709 5287 4350 5483 7467 7011 5155 6800 0 0 800 7900 6979 6964 7993 6350 6181 5522 3167 4400 5611 5985 4815 4891 5758 7187 5863 5560 5062 5581 5725 5129 5812 6556 4622 5978 4979 5200 7250 7100 6600 6286 6067 5029 5200 6025 6162 6667 6555 5870 6760 5120 5373 5561 5575 5843 6350 5929
6175 6017 6862 7150 7120 4950 7500 7644 7340 6419 7478 7176 5350 5700 5808 6340 6250 6689 5989 6079 6180 8000 7972 7814 6486 5288 4350 5900 7506 6462 4225 6800 4850 3033 800 3500 6815 4250 4440 4881 6000 2300 2100 5881 6212 5950 3038 4427 4213 3783 6200 7060 6820 5375 5300 5920 5350 6100 6600 5815 5562 6650 7720 7100 4700 5020 6494 5658 4250 4300 4767 5420 5969 5733 5709 5236 4320 5313 5267 6489 5783 6350
