data/data_berlin/geo_raster_current_asc/tree_cover_density_2012_100m_3035.asc
NCOLS 657 
NROWS 570 
XLLCORNER 4521040 
YLLCORNER 3243800 
CELLSIZE 100 
NODATA_value -9999 
[rows 324 to 359 of 570, columns 328 to 409 of 657]
6067 5475 3100 3864 4759 6967 5240 5100 4083 7000 5833 3800 3770 3288 2900 4167 5050 3100 2643 4600 7700 5000 6965 7048 5571 6489 7092 6492 7472 5391 5700 6054 4925 5289 6309 5706 5558 6222 4100 5735 5329 6075 7988 7960 7600 8100 3010 1600 5220 4965 5552 4765 4931 4680 4600 5886 8117 8704 7605 6160 6900 6900 8067 7029 6300 7729 8550 7667 0 0 0 0 0 7833 7690 6322 6700 7000 7300 7396 7050 5317
3700 7200 6056 7400 5467 5100 4930 5900 2800 1300 4300 5525 4300 5550 1700 5150 1100 2438 2643 5143 3767 5000 6950 6908 5619 6168 6700 6226 5614 6652 6096 6344 6368 6062 5716 5823 6508 4647 5228 5827 5353 7037 7318 7476 7532 8146 4910 4420 4895 5163 5174 4779 3344 4564 6048 6032 6406 8052 6533 4514 6100 7300 7633 7029 6460 4875 6900 8120 0 0 4675 4600 0 0 0 7717 6700 7876 6840 7130 7229 7300
5344 6617 6056 6300 8050 7450 4930 5669 4425 3700 4275 1700 3741 2750 1700 2800 3914 3671 5206 6400 6643 4500 6900 5980 5523 5733 5978 5955 7300 7792 6592 6408 6774 6150 3900 5173 6400 5447 5067 4163 4169 6925 6914 7479 7560 5238 0 5400 5157 6058 5057 5852 5385 5196 5241 5692 5500 5119 5647 5517 3700 6300 6500 7800 0 5720 4040 5679 6450 2950 3633 4750 0 7800 7629 7717 7656 7452 7712 7508 7580 7644
6575 6200 8500 2600 3600 3033 5217 8325 0 0 0 0 4437 4731 4220 0 5242 4540 7440 5700 6333 6725 5920 4175 6450 5453 4367 6362 6175 7100 7812 6444 6877 6359 6850 5600 6772 6825 5183 6328 4594 4390 6800 6942 6500 7400 0 0 7367 5355 4959 5419 6160 5775 5895 5533 4917 3200 5200 5529 4967 7542 7900 8016 7550 7467 7400 4060 6708 2950 3633 5200 7293 7400 7250 7542 6772 7052 6660 7200 6452 7332
5150 0 7800 1300 1600 5386 7312 4520 6533 0 4658 3267 5489 4143 4671 0 0 5944 6767 6822 4533 8700 5840 900 3517 5300 5377 5709 6814 7080 6356 7528 7942 5079 5538 6146 5513 5941 7148 5547 3627 5790 2900 6550 4550 6430 0 0 0 2500 3400 4175 5611 6104 5794 4300 5433 2500 7000 6512 7833 7848 8224 7764 7300 7467 7600 3600 5622 8144 7720 7322 7293 7400 7250 7124 7328 7352 6604 7404 6820 7364
5533 4350 7800 1300 4050 4450 4192 4329 6750 5100 2633 6050 5489 5917 4667 2880 2800 0 0 5300 5543 6086 5840 5250 4988 4189 4883 6072 6118 6831 6130 7478 4424 5684 4659 6278 4460 6616 6113 6194 5070 5333 5200 5450 3718 6430 7175 3625 5227 4700 2100 6480 5207 5182 6735 3867 6333 4700 3400 5625 6767 7850 7884 7536 7421 7617 8044 7529 4933 7229 8236 8148 7889 7330 7572 7880 7436 7368 7332 7288 7152 7396
7100 4350 0 4200 2800 1500 3300 3400 5140 5100 2633 5500 5870 7250 2900 6117 2800 1400 5193 5300 5400 4650 4314 5722 7048 5606 6600 5400 6925 6361 5962 6675 7152 6240 4660 5060 4588 5200 4724 4575 3978 3267 1900 2700 4280 7673 7933 3625 5227 4700 3700 4100 5000 6469 5935 3060 6470 2150 3400 6356 6076 4457 5346 7487 7508 7805 7950 8019 7767 7133 8162 8550 8325 7979 7905 7820 7560 7680 7220 6412 7400 7480
7633 5200 0 2650 2900 2900 3000 1400 2933 3300 0 0 4700 3500 4333 3000 0 0 5026 5086 6291 6714 4314 6206 4775 4869 4938 4267 7331 8107 5393 2000 7458 6455 4388 3718 4771 5011 5700 5150 4150 5600 4200 3000 3567 6150 2600 2994 1340 5000 6475 6050 6320 4271 4425 2300 5986 5122 5944 5067 4100 3586 6914 4925 5140 7843 7300 7625 7544 7825 7964 8133 8132 8722 8183 7480 7728 7680 7732 7276 7628 7628
3100 4060 2650 2650 3986 3650 2750 1400 3067 4000 0 4700 4700 0 0 3250 7300 0 4950 4967 6145 6008 6143 6133 4657 5110 7104 6510 4638 7973 6929 5633 4325 7622 5000 4869 4412 3467 5760 6350 5060 3800 5317 5200 2800 6320 3557 1150 2100 0 0 6900 6350 5325 1025 5600 3263 3686 1300 3120 5009 4575 3300 5850 5362 5973 6514 7473 7587 7314 7745 7386 8180 8667 7731 6323 7756 7604 8140 8188 8180 7806
3340 4833 2650 1400 2440 3500 3700 850 3067 4300 3633 3240 4700 0 3475 3250 0 5900 4950 4550 6233 4900 0 0 3300 3938 5813 6452 5905 4314 5294 5967 4071 5633 7744 3680 5273 5755 5410 7075 6825 5970 4000 4100 3240 4414 5625 2450 2100 3370 6050 4900 6350 5325 3500 4900 5225 4800 3200 7000 4978 5517 5308 5106 5733 6314 5373 6236 7407 7586 7771 5256 5450 7864 7792 7592 7564 7180 7800 8613 7784 5379
5382 5067 5829 2700 2650 3700 4267 3767 2375 2250 1800 3240 0 2700 4517 3700 7400 5900 1600 4200 8089 6900 0 0 0 3675 4162 6140 5461 6936 3700 4537 2786 3280 6679 2967 5413 4367 3608 2967 6825 4167 4300 3557 3325 5020 6167 5475 4400 4962 6050 4900 7200 3150 3900 5440 3500 3900 6360 5200 2800 2100 5500 5167 6309 2050 5410 3764 4927 6876 7790 7500 7805 7892 7960 7771 7708 7692 8928 7970 8040 5450
5382 7567 6835 6583 2750 3700 4300 4550 3500 1650 1800 1900 4420 5400 4517 6409 7400 6180 3500 3700 6900 6700 3650 0 0 0 2450 3814 7378 6000 3000 4360 3409 4038 7541 6086 5677 4692 3917 2967 4860 5380 5525 4346 3900 7441 7995 5983 4633 4120 0 5000 8350 8300 4967 0 8000 5220 3000 4900 4780 0 3000 2950 6100 500 5657 4040 3937 4100 6000 7024 7880 7804 7537 5375 7556 8125 7744 7692 7800 4786
6329 6142 4640 4425 2750 5137 3400 4550 4175 1650 0 1900 4420 5400 7163 7750 3800 0 6575 7500 2800 3000 7526 7470 0 0 0 2050 6867 4777 3675 5843 4238 4227 7787 5144 5720 5173 5488 1300 4893 6180 5330 4717 5600 6576 7833 8263 4586 2800 0 0 8100 8400 0 800 8000 0 0 0 0 1500 3000 2950 3260 3650 5450 5082 5163 5212 5540 3893 5633 7252 7425 6109 7700 7213 7224 7050 6893 5010
7320 5640 6333 4425 5300 5450 6875 4820 6267 4500 0 0 0 0 0 5600 3050 0 5600 5650 2800 0 7771 6225 0 0 2300 2050 0 4565 5880 3850 4250 5446 6606 5400 5344 3200 6213 3500 4170 3850 3500 4950 6889 6329 5583 7494 7313 4860 3875 0 8100 7175 1550 800 0 0 0 0 8300 1500 2929 0 3260 2200 3700 4840 4777 5382 4350 4883 5840 4260 6224 6813 3850 7300 7600 7816 7808 6679
5954 6120 7250 5580 5160 5450 4600 6850 0 5489 3250 3695 5450 0 0 3867 2533 0 5600 6750 6033 0 0 2300 0 0 2300 0 0 4246 3250 6075 5631 6817 3981 5229 3800 4650 4817 4080 4000 5913 7082 4950 6043 7200 6971 5200 7506 7296 5040 4843 6750 6900 2200 2300 550 0 0 0 8300 4600 0 0 0 0 3533 5950 3400 1700 4570 5900 4727 5374 3740 5000 7031 7300 7312 7724 7668 7668
5450 5700 4522 3686 3640 3200 3943 2300 3943 5489 2900 4140 1940 1750 4517 7700 5200 0 0 5100 5750 0 0 2300 1900 0 0 0 0 5734 5243 6591 6290 6164 5678 5843 5962 5429 6580 6240 7567 7705 7368 5267 6071 7200 7000 5975 7283 5943 5886 4843 6750 6900 2200 2600 2300 2029 0 0 5567 4600 4050 0 0 0 0 1100 1800 1600 2300 3200 3600 6107 4391 5118 4317 5923 6858 7008 7444 7717
4200 6943 4830 1850 4360 3200 5320 4483 3943 4120 2567 4140 3789 4760 4517 7700 3550 5786 0 0 0 0 0 0 0 0 7900 7411 7370 7223 6225 6700 7193 6233 7200 6967 6877 6644 4771 6700 6116 7078 7300 7124 6792 7495 7627 5677 5925 6258 6350 5974 5467 3550 0 500 3150 2700 3700 2700 5567 7083 4600 0 0 0 0 3000 1800 2650 0 0 0 6010 4400 5075 5933 5364 2980 5260 5508 5886
2500 2545 4165 5260 4719 4000 4633 5519 6095 4354 5470 7259 4111 5100 5183 6040 4567 5786 6720 7084 8000 4567 0 0 0 6690 7900 7411 7370 7223 6646 7018 7193 6008 7186 6091 5712 5808 5617 6063 7555 9164 7892 7120 6332 6732 6710 6919 6753 6939 6831 6475 6100 5320 0 0 3450 3600 4792 2700 5925 5680 5610 7900 0 0 0 0 4200 4800 0 0 0 0 0 6000 0 0 3500 4380 8000 7786
4483 4186 3781 4890 3944 4871 6275 6657 3233 6133 6786 7259 6875 6694 4200 6025 6200 2950 5150 7084 8000 4650 0 0 7600 6690 6800 7016 6020 5367 5600 6820 7040 5742 6400 5836 6012 7260 7464 6612 8156 8068 8216 6564 7100 6720 7124 7076 7424 5807 6029 5921 5806 5357 3600 3750 2757 3300 6642 5125 4100 6233 3711 7575 0 0 0 0 0 0 0 0 0 0 0 4350 4800 1600 3500 4380 6918 5669
4764 3807 5944 7233 6725 7350 6400 6933 5570 6070 4625 6850 6182 6365 4043 5745 5450 3950 5617 6325 7125 5950 7900 4860 7600 6771 6524 6754 6548 5708 5961 6756 6616 5169 6184 6480 7144 7200 7728 7600 6972 8248 8088 7320 7596 7112 6992 6436 6932 4862 5343 5720 6586 6089 5364 3750 2757 3233 3440 4000 6775 4678 5575 5244 5700 0 0 0 0 0 3380 0 0 0 0 3400 3900 1600 2967 3722 6918 5669
4770 6225 7450 6157 6476 7006 2750 4900 4162 5175 3900 4640 4340 5075 4657 4454 5943 5850 7033 0 0 8300 5800 4860 6744 6733 6068 6716 6064 6060 5230 6960 5840 7371 6645 6531 7512 7308 6932 7248 7108 6480 6588 6756 7668 7536 7288 7476 6196 5194 4884 7053 6664 6580 6448 5348 5771 6313 4140 2400 3725 4233 3500 1820 7118 9100 0 0 0 0 3500 4643 3957 1800 3310 3400 5733 4829 2725 4767 6550 4433
5875 6086 4317 5065 6289 6508 6733 2950 3900 3343 5615 4355 4040 4580 5907 4100 3250 5411 1950 0 0 0 5800 6300 7390 6924 6900 7225 6423 4639 5747 7261 7821 7122 1940 4750 7952 7436 7592 6924 7364 7360 7364 6608 5328 5940 8100 7900 6895 6222 7884 7809 8200 5288 5720 6424 6025 7560 6300 5171 4733 5217 4700 5283 5687 7480 3800 4675 4220 1175 3500 4643 3957 5469 3310 4969 5377 5346 5346 5744 7270 6925
5825 5840 5680 6283 6160 3800 3633 2950 2525 6020 4626 3545 2825 4830 5533 6167 6450 3300 3033 0 0 0 5862 5700 7800 6257 0 0 6780 5418 5739 5411 5700 3670 2240 3640 7614 7304 6472 7376 7408 7288 7264 6604 6284 7720 8536 8864 8308 6788 7535 8094 7200 6430 6320 2767 5250 7245 6100 2460 3260 4092 3293 1975 4745 5833 3800 4675 4220 1175 2017 5660 4440 5224 6467 6005 7106 5956 5844 5400 6744 6950
0 4280 4467 6350 5333 3800 4050 4814 5850 5206 6463 6430 4395 4725 7967 7700 5900 3300 5225 0 4122 4924 5863 6925 6900 6471 1600 0 5008 4871 5947 5460 3220 3367 3638 5850 6269 6304 6648 7500 7504 7336 7752 7708 7168 7788 8100 9004 8272 7688 7680 8329 6718 5200 5683 3800 3700 4850 6679 1700 5510 5459 4618 5959 5638 2000 3978 4375 4438 3595 5095 5826 6270 6264 6290 4717 5075 6559 6071 5865 7004 5984
0 4280 3800 5000 5491 5400 1500 5171 3383 4550 7067 7044 5312 4200 7869 7444 7371 7550 5131 5889 4122 4924 5960 6925 7400 6750 1600 3933 4033 5146 2440 2800 4727 1822 5017 5683 4646 6065 4961 5671 6365 6752 7516 7680 7528 7636 7136 8068 8328 7880 7567 8391 6950 6959 6414 4000 2900 3433 5400 7050 2767 3580 4431 5973 5186 6260 5583 6916 7965 6336 5545 4867 4333 6887 6181 4827 4175 5344 6009 6524 6458 6621
0 0 4683 3400 2567 8100 0 3929 2300 4057 6250 7500 5905 6175 6800 6518 7668 4845 5131 5889 6568 6285 5686 1800 5850 7308 4207 5057 4033 5986 3571 4753 4995 4500 5208 4163 6400 6014 5207 5311 5547 5357 4868 5924 6916 7596 7436 7380 7616 7668 7717 8200 5682 6382 5392 3250 4883 4656 4633 5730 6070 1600 4371 5412 5841 6252 5790 5469 6320 3718 5072 4119 5856 6245 5950 4586 4629 4793 5508 7768 7836 7788
0 0 0 5967 5867 4600 5100 4450 5557 3625 4747 7586 7405 6311 5279 5707 5881 6712 6144 6142 6760 6361 6200 5444 5120 5300 5300 6558 5550 6267 5709 6124 4486 6038 5940 5170 6100 5422 5592 5153 5246 5235 5696 5489 6052 5248 5728 7012 7744 7824 6629 6023 5888 5724 5720 4733 6940 4656 4120 3188 5909 5025 5055 5658 5194 5971 5567 5700 4110 4950 4408 4738 4387 4195 4660 3520 3657 5967 7808 7812 7604 7660
0 6833 0 0 1900 4600 5100 4450 4750 3185 6714 8450 6408 6619 5540 5388 6214 5875 5419 5343 6452 6948 5043 4300 5841 7238 4100 6652 6092 5871 5396 4305 5871 5548 5253 6154 5431 5369 5457 5256 6545 5563 5408 5312 5504 5850 4471 5224 6809 6832 6931 5317 4720 6433 5415 5364 6760 4167 3725 3460 3000 5991 5055 1567 6133 4556 5530 6385 5861 3186 6067 5300 6209 7250 8179 7959 7852 7560 7936 7880 7760 7664
0 0 0 0 6440 5257 3800 6714 4952 4136 7025 5500 4786 6089 6323 5414 4900 4928 6450 500 6000 6904 5550 5153 6400 6548 6560 5292 6393 5963 6327 6096 5275 5114 4925 6233 5914 5611 5200 5090 5820 5957 5152 6142 6156 6037 5065 5538 6929 6117 6520 4371 3240 3160 4067 4971 6629 4211 4370 3820 5741 5833 7312 5200 3779 3033 4020 4613 3055 3186 0 5916 7232 8008 8204 7912 7600 6744 7643 6668 8212 7532
6120 0 7700 7867 7800 7622 7750 4800 5160 4889 7367 4600 5782 6108 5320 6538 6300 6667 5931 5753 6622 6372 7008 6580 6350 6243 6416 5292 5100 6222 6550 6640 5978 4843 4752 5100 6382 6185 4496 4544 6460 6208 5864 5838 5748 5458 4824 6800 4680 5078 5224 2923 3350 3383 3800 2650 3680 3380 5194 6180 5220 6400 5480 4517 4900 4525 6380 3117 5150 3729 0 0 4600 7839 7568 7844 7516 7252 7643 7187 7788 7460
6944 5875 7700 7867 7800 7267 6300 4400 5440 5267 4800 2950 5412 6447 6500 5759 5186 5911 6193 5818 7000 7312 7196 6665 5950 5767 5885 6675 6465 6700 4333 6460 7108 6108 5933 4254 5600 4985 5335 5816 6620 5984 6432 5913 5816 5764 5050 5757 5400 5439 4907 4764 4710 4567 3150 5811 3770 2754 4811 4208 4737 1400 4300 4420 4900 5000 4725 4130 3600 4271 950 0 3250 5200 6911 8124 7828 7772 7848 7348 7732 7640
6175 7264 4050 5381 8100 5629 5000 5700 7425 7586 7500 6400 4921 6300 5839 7000 5627 6660 6113 5288 6900 6780 7008 6000 6664 7000 6450 6764 5956 6919 6967 4800 5977 6826 5683 4675 4200 5526 5683 4720 5604 4958 6764 6492 6536 6663 7200 7680 6114 4529 3925 5020 4500 3056 2975 4750 4318 3050 6515 4667 2920 1400 4300 4300 4200 5000 4433 5067 3600 2950 3543 4200 4656 1300 4467 7850 7972 7732 7756 7008 6546 7143
6836 7264 6333 4375 5685 2400 3692 4771 3400 7483 7210 6511 6393 3713 3500 3971 3575 3730 4400 3511 4600 4533 4781 7461 7454 7243 6976 6552 6672 6125 6248 5553 6875 7367 5558 5014 4611 4813 5390 5664 5692 5492 5692 6528 5916 0 7099 7680 6109 4969 4250 5265 5437 2700 4400 4658 4850 4700 5050 5525 2410 0 0 0 0 2600 4433 3250 0 0 3795 4200 4656 6200 6190 5363 6975 7857 6689 5264 7700 6237
7186 7482 5960 5928 4986 3000 4325 5438 6100 6592 6612 3975 6467 4277 4593 4675 6000 5273 5283 4879 6481 7042 3200 6675 6478 7327 6950 6909 6652 6004 5758 5690 6096 5830 6300 5683 5227 5948 6708 5783 4879 6724 6296 6770 6333 0 6363 6518 6157 4816 4600 5622 3871 3831 2314 5220 4267 5767 4743 4978 3375 1700 0 0 0 3745 3657 4121 3367 3167 4985 3390 5391 5838 4922 5504 4841 5544 5691 4637 5032 4525
7240 5522 5950 4482 4244 1900 4269 6133 7850 8160 6680 4567 5500 4058 4018 4530 5064 4712 2967 4350 5392 5360 4717 4113 4133 4357 6523 7052 7052 7300 6984 6572 6261 6228 6300 6300 5800 6308 6296 5984 6188 6452 6363 8300 0 5750 6362 5548 6692 5087 5060 3875 4580 3467 3550 5454 3617 5257 4743 3200 3350 1700 4650 0 0 0 3833 4570 3173 3167 4985 4594 4775 5200 4518 4313 4911 3370 4830 4532 5435 4079
5525 4520 6900 5120 3485 2367 3867 4480 6700 8116 7043 4133 5350 6304 5431 4245 7064 6358 4630 5529 5500 3800 4280 3300 4945 5718 4662 6329 6618 7300 7326 7162 6540 5560 5529 6031 7600 7375 7000 7180 6896 6258 8039 7900 7700 5750 5405 4018 4171 5100 4508 5375 4850 3571 4000 3688 3750 4533 5800 4550 0 2363 2375 1350 0 0 0 0 850 2600 5250 7425 6822 6613 5887 4747 2971 3533 4823 5333 5088 3918
