data/data_berlin/geo_raster_current_asc/tree_cover_density_2012_100m_3035.asc
NCOLS 657 
NROWS 570 
XLLCORNER 4521040 
YLLCORNER 3243800 
CELLSIZE 100 
NODATA_value -9999 
[rows 288 to 323 of 570, columns 164 to 245 of 657]
4648 5700 6640 6933 5556 3740 7940 6200 5225 6900 7350 7350 6889 7512 7492 6994 4367 6000 8128 7996 8156 7568 7158 7200 4356 6484 5867 4900 5887 6640 7562 4475 3700 6525 4000 5256 4520 6400 7460 6608 6606 7648 7619 7137 6921 3865 3318 4578 4417 4794 3575 4819 3500 8200 4767 3822 3133 5122 5294 4663 2600 2900 8200 5080 0 0 0 3800 0 0 6900 1400 4200 6650 0 4800 2600 1700 2100 2720 2500 4433
4100 4387 4575 6150 5257 6460 8750 6200 4183 7731 7806 7568 7240 7432 7696 7500 7500 4800 7700 8172 8132 7072 5611 3757 3627 6826 4071 5200 5876 7036 7500 4475 6595 6772 2300 6733 5633 2600 4789 5042 5050 6776 7629 5250 7529 4740 4183 6171 5519 6104 2763 4858 4929 4300 5638 5683 4260 4493 4645 6405 2600 2900 8200 0 0 0 2650 5450 5840 7320 6900 1400 2600 1800 4200 4800 2600 1700 2100 1600 2560 6087
5852 5844 6133 4056 5208 4856 5410 5400 4927 7008 7655 7236 7940 7065 4450 8083 5000 6503 7867 8068 6685 6122 4321 4152 4780 4757 5080 3875 6145 7900 7506 4440 5213 6736 5493 4986 5633 6700 7400 5833 6671 5629 6762 4317 5647 6072 3989 5933 6712 4305 4600 4574 5220 2440 5638 3100 3200 5000 5175 5600 3880 4043 5250 2044 0 3210 2650 5450 5840 7320 5700 2720 2600 1800 4200 4167 3779 2300 7100 1600 4186 4950
6000 0 0 0 4700 4771 3483 4005 4865 6952 6360 7300 7161 6300 5971 8083 7561 6400 5138 8063 6343 6545 4943 6554 5681 5016 6050 6827 3811 4787 6920 6161 5348 5317 5124 3900 6650 6956 5757 5741 5500 6685 6274 6067 5514 4288 5306 5962 4889 4471 3729 5925 5867 5600 4660 1267 6754 6150 0 4790 3880 4043 5250 3683 0 3300 3770 5829 7300 8800 6000 2720 1000 5425 4400 2888 5000 5257 5233 0 0 2250
0 0 0 0 5343 5532 4585 3984 4494 7585 7544 8035 7840 7558 7092 7673 7561 6400 6413 7995 7256 7822 8100 6717 5207 4271 4233 5971 5731 4758 5053 3744 3830 4518 4214 3009 7205 5530 5133 4933 3300 6248 5000 5309 5986 5737 4279 5400 5870 4450 5233 4044 2718 5267 4660 1267 3300 2240 0 3400 5700 4950 3700 5825 2400 3300 6350 7550 3700 8800 1500 4983 1000 5500 3750 3300 5000 7500 5233 6200 0 0
5900 0 0 0 5077 5155 3669 4550 6020 4950 7626 7925 7824 7550 0 0 5175 6989 7429 7180 7740 7767 7880 7533 3860 4186 4080 3540 5095 3839 3857 2600 4333 4782 4717 4500 5922 6683 6580 4775 5233 7129 6386 4585 6057 4354 4940 5360 5008 3217 5718 4750 6171 4384 6479 4088 2833 3850 0 3400 4300 4950 0 3567 2400 6600 6869 7550 3700 0 0 0 3833 8300 0 4200 4433 3833 5740 2300 0 3750
4400 0 0 0 4167 5000 4644 5700 6385 4950 7761 7860 7825 0 0 5961 5175 7612 7507 6158 7048 5947 6209 6533 6781 5757 3581 3984 3984 3250 3845 3700 3522 2675 5100 4546 7085 6718 5273 6617 4333 6114 6450 5500 3278 5568 8123 4925 4843 5188 4778 6733 4667 4500 4229 4692 3367 2600 5933 0 0 0 0 4500 3800 6211 7462 5075 2633 2920 0 0 0 0 3833 3140 4433 3550 7500 4422 3460 3750
0 0 0 0 5300 3333 2517 2400 7369 7820 7508 7909 7842 7700 0 6400 6746 7770 6714 6768 7456 7050 7800 8064 6784 6542 6767 4954 4200 4412 4350 3780 4860 4764 4800 4064 5143 4933 4900 5378 5227 5629 6800 4983 3955 7284 7523 5725 4733 3790 4965 4400 0 6250 5167 5540 3367 4757 5933 5350 0 0 4642 4500 4150 4850 6536 5920 4611 3300 3200 0 0 3440 3833 3140 4167 3000 5522 4422 3460 4000
0 0 0 6296 5300 3750 3769 6414 8044 6918 7720 7872 8087 0 6673 6400 7471 6375 6731 6976 7483 7148 6443 7475 7112 7376 6730 3200 5105 5126 4657 4032 4121 3883 4267 4333 3600 5773 5525 4377 5467 6495 7562 6571 7437 8488 7290 6126 4540 5437 5504 3189 0 0 0 0 5611 7268 7304 6900 0 0 4629 4783 5694 4175 4267 5920 5400 3200 3557 3714 2675 3440 3550 3140 6783 4050 0 3250 4533 5100
0 0 0 7796 7293 7210 5475 6855 8044 8072 7792 7900 7818 0 7361 6946 7645 4907 6528 7904 7332 5320 4671 7644 7096 7064 6912 4680 6247 5933 5175 4767 4014 4522 8750 5393 6259 6825 7143 7472 7664 8088 7953 7996 8504 7605 6807 6081 4819 5000 4575 3414 0 0 0 0 0 7150 7350 6260 6536 5227 2567 4475 6865 4088 3480 6871 5520 4767 3557 3714 2675 6950 4212 3683 4370 2700 3550 1933 1967 4300
4300 0 0 0 8300 7924 7576 7889 8054 7409 7872 7740 7567 0 7797 7775 8140 4333 6424 7140 6248 6748 6583 6832 6624 6740 6012 6313 5743 6671 7354 6093 6864 7444 7892 7444 7392 7444 7464 8080 8517 8338 8279 8124 7468 5350 5250 6250 4979 4779 5495 3750 3850 5450 3800 0 0 0 0 2769 3437 5227 2567 5000 7160 7096 6025 6054 5033 6204 7490 6782 3650 6530 0 2100 1100 3775 5767 4483 1900 3900
6450 0 0 0 0 0 8137 7970 8350 7629 7684 7945 8014 0 7429 7820 7856 6789 7416 6640 6948 6500 7376 7748 7416 6888 7500 7532 6337 6914 6444 6768 7140 7492 7740 7080 7658 7738 8476 8182 7683 8300 8200 7832 7042 6933 6426 5194 4433 5360 4790 3743 4700 4175 7100 0 0 3480 1400 2867 2100 5445 4717 4815 7100 7200 6754 6288 7270 7931 2650 2975 1200 1500 1850 2100 5200 3650 4917 4483 5625 3733
8100 0 0 0 0 0 0 6450 8533 8512 8500 0 0 0 8275 7037 7654 6074 7456 7824 7820 7896 7704 7987 7608 8292 8872 8360 7216 5972 6136 6984 7648 7628 7676 7613 8088 8627 8128 8400 8219 8300 8562 8164 8016 7230 6575 3950 3600 3640 3011 6850 3764 4175 3900 0 0 3480 4133 2867 4061 4350 4517 5569 3880 7208 7624 7792 7227 6177 4600 0 4750 4233 4350 1600 7900 3633 7850 3775 3100 5967
0 0 0 0 0 0 0 0 0 0 0 0 0 6086 8275 6741 7828 7644 7844 8056 7944 7876 7644 7533 7910 9032 8872 8862 8658 7260 7516 7628 7424 7428 7500 8036 8464 8800 8404 8133 8219 7329 7679 8004 8012 7628 5962 4783 6550 5625 2280 4483 5862 4770 6067 1467 0 3400 3467 2000 5413 3773 2200 4720 7518 7337 6317 7115 7100 4650 6450 0 0 3325 4350 6450 5300 5217 5467 3675 3057 2414
0 0 0 0 0 0 0 0 0 0 0 7700 7726 6086 7253 7287 8180 7712 7452 7868 7776 7508 7496 7240 7480 8933 8564 8257 7863 7880 7548 7632 7200 7484 8184 8664 8564 8868 8664 8356 8024 8005 7588 7880 7740 7200 3000 4400 7100 5450 6221 4542 4094 5448 6067 3500 3367 3400 5887 4477 5413 2663 3567 3400 5062 4950 5554 6890 3100 3750 5080 5522 4700 3325 7300 7557 4675 6550 3383 2829 1300 3700
0 0 0 0 0 0 0 0 0 0 7762 7700 7726 8036 7715 6777 7504 7308 7768 7672 7320 7524 7360 7640 7904 7740 7896 8044 8165 7568 7772 7544 7728 8536 8620 8504 8732 8576 8760 8624 8180 8472 7736 7804 7321 5257 2600 4400 4421 6031 4400 2443 4100 5667 6565 6009 3367 5792 7190 4695 5590 6208 5900 5533 4925 5740 5823 6837 4780 5200 4900 5522 4700 8000 6550 4200 3057 1800 4500 4943 1300 3533
0 0 0 0 0 0 0 0 0 0 7529 7825 7900 7888 7944 8065 7344 7886 7433 7384 7220 6492 5708 7628 7944 7724 7960 8100 7896 7728 7840 7744 8104 8700 8700 8100 9040 8856 8896 8560 8680 8312 7668 7421 6325 3650 4317 4147 6253 5612 7250 4670 4500 5100 5430 5195 6425 6325 5196 5496 4958 1600 5120 5700 7300 4400 3700 3475 4333 5090 7100 1400 2333 1850 1400 5114 6975 5691 3386 2471 3629 3533
0 0 0 0 0 0 0 0 0 7043 7529 7848 7856 7820 7884 8127 8328 8296 7996 8696 6496 6040 6500 5744 7628 8240 8052 7816 7628 7568 8080 7764 8108 8688 8640 5100 8220 9220 8784 8580 8840 8356 7224 7939 6171 5950 5760 3514 6227 4789 5628 4127 5465 4989 6300 3975 5632 3294 2331 5262 4875 4907 6600 8400 3000 4620 1900 3200 2475 6822 6215 4177 2333 1600 3871 2800 7033 7780 4340 2550 3255 4217
0 0 0 0 7940 0 0 0 8233 7043 8013 8312 8072 7800 7828 8174 7804 7812 7964 7676 6940 7988 7136 7536 6324 7884 7888 7680 7832 7900 7872 7928 8204 8508 8540 7324 8924 8984 8736 8912 8536 9172 8436 9460 6728 5913 5175 1983 1083 4384 6000 5058 5491 5447 4600 4685 2513 2529 4033 3200 3890 4733 6433 4000 7482 5500 1900 2275 2475 4850 6727 4177 3711 3600 3871 5522 6513 4867 4419 4850 4124 4333
0 0 0 7986 7940 8080 0 7933 8233 7912 8364 7936 7856 7800 7920 7828 7876 7780 7616 7576 7600 7684 7860 7092 6860 8788 7948 7768 8036 7924 7848 8208 9120 8844 8940 8932 8592 8556 8828 8504 5892 8552 9104 8000 7796 6424 6711 7400 4293 4761 6733 5622 5667 4400 3820 3600 2784 3645 2600 5900 3843 4856 7950 4000 3500 3400 5907 5023 5645 4850 4650 5883 3711 7200 4287 6383 7100 3420 4567 4050 5164 5591
0 0 0 8039 8032 8500 7691 7933 7954 8008 8112 7960 8004 7916 7860 7900 7820 7824 7456 7388 7744 7388 6696 8284 7980 8092 6972 7420 8180 7884 7840 7628 8480 8788 8780 8796 8936 8788 8164 7424 7210 5906 7832 8740 6596 8284 5656 6482 5488 4621 5281 5005 6442 3060 5750 5300 4400 4600 2600 3117 5333 7214 7767 5818 3161 3773 5907 4033 5204 5167 4650 4600 6160 2567 3400 4200 1700 4000 1000 6273 2844 5620
0 0 0 8021 8046 7920 5100 7448 7876 8008 8004 8136 8120 7920 8016 8116 8228 7584 7740 7596 7220 6532 8320 8248 8300 7476 7656 7676 8088 7732 7964 7532 7856 7816 8482 7732 7488 7432 7612 7429 0 7600 5643 5577 8616 6420 5676 6150 4650 4253 6548 6554 3600 6740 5500 3900 4575 4600 4279 3862 7027 5367 4883 4517 5609 4638 4171 5791 6255 5854 4608 4600 5600 5750 2400 3407 3089 4800 2000 4887 4833 3772
0 0 0 8048 7996 8136 5100 7129 7948 8023 8027 8080 8116 7960 8124 7808 7888 7832 7876 7916 5708 4296 6972 8152 8056 6744 6924 7804 7720 7716 8100 8029 7817 7353 8275 8632 8276 8188 7565 7400 0 7394 7250 6445 6468 6992 7376 5288 4967 5325 5680 4900 5650 4787 5500 3700 4575 5657 3444 4550 6435 5400 3756 3682 3839 4929 4392 4542 5091 5557 1900 2588 4233 5022 3050 2725 3725 2533 3533 1567 3518 3700
0 0 0 8000 8100 8279 7043 8121 8196 8088 7888 7796 7852 7816 7896 7624 7712 7752 8064 7676 7648 7104 6744 7492 7796 7864 7648 7832 7736 7680 7976 8153 7671 7120 7080 7436 7980 7640 7604 7529 7636 7000 7538 7564 6656 7664 7776 7300 5813 4788 6056 3138 6825 0 6120 3200 4714 4075 4871 5395 4963 4411 5426 3167 5422 5054 5040 4491 5294 5775 3520 3759 5700 5022 3050 2725 3533 8000 900 2750 3406 4971
0 0 7960 8000 8008 8128 7948 8392 8408 7760 7916 7648 7788 8512 7896 7984 7744 7684 8068 8280 8264 7784 9044 7872 7776 8212 7816 7848 7892 8000 7908 7769 7629 7940 7568 8040 7320 7300 7064 9344 7636 7000 7000 7664 7287 7784 8164 7444 5933 4633 5162 3491 4450 3700 6120 6121 4343 4775 5315 4118 5273 4375 4338 5000 4933 3300 3800 4650 3975 4362 3436 5785 4486 4771 3675 5114 3133 5780 4631 4038 4000 4340
0 7960 7960 8076 8096 8180 8164 8540 8060 7844 8032 7852 7156 7800 7880 7972 7800 7608 7872 8188 7980 8008 8032 7636 7528 7708 8032 8104 8296 8424 7593 7769 8021 7724 7988 6782 6150 7050 6976 8144 7900 7724 6078 6172 7200 7312 6996 7076 7307 4100 2600 3478 4650 3700 4680 5633 3412 3815 6371 5625 6367 6130 5245 4970 4925 4933 4680 3200 3940 3333 4426 4525 4117 4369 3979 5850 4829 4550 2180 5225 3400 3283
0 8107 7960 7956 8048 7864 8052 8032 7920 7944 8116 8420 8536 7924 7848 7912 7996 7856 7916 8016 8072 7880 7544 7196 7904 7892 7864 7468 7804 7832 7900 7552 7656 8128 8021 7933 7300 7000 7622 8792 8232 7288 7200 5193 7300 6304 6172 7028 7977 4171 5233 3450 5427 5100 5291 5275 7318 7180 5533 5936 6333 5053 4871 5408 5454 4183 5511 4469 4826 4037 6240 3529 3550 3578 4460 6775 2650 2600 2180 1800 6017 5900
0 8127 8253 8020 8340 8112 8056 8072 7892 7808 8236 7800 7740 7896 8260 8260 8836 8528 8228 7884 8284 6872 6092 6280 5992 7132 7832 6856 7652 6240 7636 8008 8040 8161 6943 8048 7000 8050 7861 7628 7732 6150 7725 7200 7670 7752 7556 7942 6278 3650 4233 3925 3867 4343 4043 7200 7433 7180 4553 4962 5623 6310 5240 4788 4582 4607 4642 5705 4033 3386 5124 4927 6100 4438 5983 5800 4830 3750 3467 4650 7236 6642
0 7750 8000 8184 8004 8332 8000 7928 7680 8236 8164 7876 7796 7856 8092 8416 8400 8576 8344 8636 7792 5292 5428 5888 6148 6124 8432 6820 6764 7344 7740 7892 8088 7817 7561 7684 7117 8050 7860 8156 7780 6736 7725 7380 7700 7685 7956 6427 4611 5287 5378 3827 4683 5042 4325 7175 4824 5760 3980 4783 4786 6073 7733 7240 5013 4643 4987 7375 3167 3077 4442 3427 4500 2340 3900 4586 6569 3360 4071 3810 5700 5881
0 7800 7500 7136 7820 7928 7800 7740 8060 8252 7896 7868 7920 7924 8028 8120 7860 8436 8356 8388 7868 7212 6536 7540 6820 7168 9016 7980 6864 7592 7876 8004 8112 7952 7072 7464 7888 7912 7028 8676 8388 7780 7810 7691 7385 7748 7595 3067 5856 6152 6805 4644 5527 5650 6771 5053 4058 5169 5192 4169 5957 6150 6192 6281 7575 5965 3475 3531 7000 4931 4942 4510 3850 2467 3786 4190 7033 4450 4900 5464 5369 4700
0 0 8100 8096 8640 8348 8024 8408 8408 7772 7964 7884 7832 7956 8072 8260 8180 7988 7876 8116 7920 8136 7960 6800 5804 7864 8228 8572 7584 7928 8216 8152 8468 8500 4817 6342 7968 7840 8092 8020 8084 6333 4075 7600 8316 8187 6100 4260 3167 4956 5717 6575 5660 7346 5530 4800 4775 5131 4600 6425 4292 4229 5431 4963 5200 5439 3436 3531 3650 2720 4780 4589 1550 3171 3262 5567 7633 3200 6840 5784 3420 5900
0 0 8087 8000 8196 8960 8364 8096 8168 7956 8024 8096 7860 7904 7908 8204 8164 8140 7892 7708 8016 7872 8320 8096 7620 8420 7952 8024 8076 8064 7816 8120 8116 7204 4000 5343 6461 7036 8148 7888 7764 6984 4075 7683 8320 7550 4350 6337 6578 5536 6655 7091 5808 4589 3576 4936 7352 6456 4760 5857 4560 4409 5337 6218 3600 4617 4200 4780 4872 2000 3400 4967 4221 4878 3050 6367 7243 7783 6840 3132 3367 5800
0 0 0 8175 7987 8056 8016 7956 7928 7956 7868 8084 7788 7808 7916 8308 8228 8288 7872 7684 8100 7960 8152 8112 8236 8632 7944 8084 7996 7824 7920 8036 8164 8924 7616 5142 7133 9224 7760 7896 7864 7768 7792 7928 7780 3100 5358 7885 7133 5627 4880 5827 5900 5704 6280 4945 6180 4988 4955 4145 5290 5325 5250 4165 4646 5825 4275 3339 4006 2893 5000 6414 4889 4878 4600 5550 5900 7400 7286 3692 5022 2000
0 0 0 7683 7867 8112 7540 8680 8504 8312 7832 7908 7904 7804 7860 8156 8324 8024 7972 8044 8248 8324 8060 8020 8192 8464 8308 7728 7720 7992 7780 7936 7956 8396 8780 6840 7416 8920 7844 7776 7660 7652 7724 7770 7300 8300 5104 7742 7700 7925 5611 4176 5080 4254 4574 5188 5087 3886 6175 5192 4893 3900 5345 4644 4535 4033 4092 2367 4962 6157 4067 4793 4889 3550 6100 8000 7250 6150 6500 5600 0 0
0 0 0 0 7500 8080 7732 7964 8472 8144 7720 8028 8080 7924 7828 7980 8060 7948 8288 8256 8076 8092 8212 7740 8364 7780 7704 7884 7704 8500 7636 7804 8040 7840 7132 7668 8184 7668 8976 8016 7844 8324 7724 7013 6375 6360 6420 7250 7700 6300 5505 4495 4188 4175 5967 5686 5565 4796 5286 5400 6150 8000 4350 3843 3345 3894 4129 2483 4260 6360 4711 4943 5075 4115 4511 6987 6440 5987 6327 6210 1450 3600
0 0 0 0 8000 7557 7920 8048 8272 7824 7932 7996 8004 8068 8016 8072 7740 7936 7916 7860 7928 7988 7912 7760 8016 7600 8528 8240 8048 7920 7892 7812 7820 7656 7480 7724 7688 8160 8600 7632 8412 8996 7589 5167 7300 6967 6320 6252 7355 6300 5400 5736 5208 7490 4950 5970 6400 5688 5273 5623 5081 5262 4687 4540 3014 3941 4567 4513 5773 5578 5394 5114 4447 4073 4614 7184 7200 7428 7204 6519 1450 4133
